frame,wall_ms,sim_ms,phase,power,dormant,revision,panel_health,physics,debris_x,debris_y,debris_z,player_x,player_y,player_z,health,ammo,rival_health,infected_health
611,63.664585,600.420078,1,0,1,0,68.000,0,6500.000,700.000,110.000,0.000,0.000,90.000,100.000,60,-1.000,-1.000
612,20.247311,63.428019,1,0,1,0,68.000,0,6500.000,700.000,110.000,0.000,0.000,90.000,100.000,60,-1.000,-1.000
613,9.093783,20.226731,1,0,1,0,68.000,0,6500.000,700.000,110.000,0.000,0.000,90.000,100.000,60,-1.000,-1.000
614,18.468524,16.667584,1,0,1,0,68.000,0,6500.000,700.000,110.000,0.000,0.000,90.000,100.000,60,-1.000,-1.000
615,13.834624,16.666906,1,0,1,0,68.000,0,6500.000,700.000,110.000,6140.000,390.000,90.000,100.000,60,-1.000,-1.000
616,19.798272,16.668035,1,0,0,0,68.000,0,6500.000,700.000,110.000,6140.000,390.000,90.000,100.000,60,-1.000,-1.000
617,25.076803,17.317918,1,0,0,0,68.000,0,6500.000,700.000,110.000,6140.000,390.000,90.000,100.000,60,-1.000,-1.000
618,19.564556,18.910632,1,0,0,0,68.000,0,6500.000,700.000,110.000,6140.000,390.000,90.000,100.000,60,-1.000,-1.000
619,20.849714,19.620597,1,0,0,0,68.000,0,6500.000,700.000,110.000,6140.000,390.000,90.000,100.000,60,-1.000,-1.000
620,16.957991,20.892785,1,0,0,0,68.000,0,6500.000,700.000,110.000,6140.000,390.000,90.000,100.000,60,-1.000,-1.000
621,18.194217,16.860009,1,0,0,0,68.000,0,6500.000,700.000,110.000,6140.000,390.000,90.000,100.000,60,-1.000,-1.000
622,27.214589,18.298189,1,0,0,0,68.000,0,6500.000,700.000,110.000,6140.000,390.000,90.000,100.000,60,-1.000,-1.000
623,22.692943,27.225040,1,0,0,0,68.000,0,6500.000,700.000,110.000,6140.000,390.000,90.000,100.000,60,-1.000,-1.000
624,16.513282,22.640882,1,0,0,0,68.000,0,6500.000,700.000,110.000,6140.000,390.000,90.000,100.000,60,-1.000,-1.000
625,12.243141,16.717516,1,0,0,0,68.000,0,6500.000,700.000,110.000,6140.000,390.000,90.000,100.000,60,-1.000,-1.000
626,13.176010,16.667575,1,0,0,0,68.000,0,6500.000,700.000,110.000,6140.000,390.000,90.000,100.000,60,-1.000,-1.000
627,13.943237,16.667224,1,0,0,0,68.000,0,6500.000,700.000,110.000,6140.000,390.000,90.000,100.000,60,-1.000,-1.000
628,16.450859,16.786007,1,0,0,0,68.000,0,6500.000,700.000,110.000,6140.000,390.000,90.000,100.000,60,-1.000,-1.000
629,15.228205,17.161955,1,0,0,0,68.000,0,6500.000,700.000,110.000,6140.000,390.000,90.000,100.000,60,-1.000,-1.000
630,16.131013,16.667045,1,0,0,0,68.000,0,6500.000,700.000,110.000,6140.000,390.000,90.000,100.000,60,-1.000,-1.000
631,16.520821,16.667515,1,0,0,0,68.000,0,6500.000,700.000,110.000,6140.000,390.000,90.000,100.000,60,-1.000,-1.000
632,16.686676,16.666934,1,0,0,0,68.000,0,6500.000,700.000,110.000,6140.000,390.000,90.000,100.000,60,-1.000,-1.000
633,16.551772,16.667206,1,0,0,0,68.000,0,6500.000,700.000,110.000,6140.000,390.000,90.000,100.000,60,-1.000,-1.000
634,16.508661,16.667155,1,0,0,0,68.000,0,6500.000,700.000,110.000,6140.000,390.000,90.000,100.000,60,-1.000,-1.000
635,21.041098,16.667634,1,0,0,0,68.000,0,6500.000,700.000,110.000,6140.000,390.000,90.000,100.000,60,-1.000,-1.000
636,12.508026,16.667165,1,0,0,0,68.000,0,6500.000,700.000,110.000,6140.000,390.000,90.000,100.000,60,-1.000,-1.000
637,17.059623,16.667175,1,0,0,0,68.000,0,6500.000,700.000,110.000,6140.000,390.000,90.000,100.000,60,-1.000,-1.000
638,16.224136,16.667284,1,0,0,0,68.000,0,6500.000,700.000,110.000,6140.000,390.000,90.000,100.000,60,-1.000,-1.000
639,21.911466,16.668885,1,0,0,0,68.000,0,6500.000,700.000,110.000,6140.000,390.000,90.000,100.000,60,-1.000,-1.000
640,13.667211,16.668715,1,0,0,0,68.000,0,6500.000,700.000,110.000,6140.000,390.000,90.000,100.000,60,-1.000,-1.000
641,16.042661,16.668154,1,0,0,0,68.000,0,6500.000,700.000,110.000,6140.000,390.000,90.000,100.000,60,-1.000,-1.000
642,17.065273,16.667935,1,0,0,0,68.000,0,6500.000,700.000,110.000,6140.000,390.000,90.000,100.000,60,-1.000,-1.000
643,19.326692,16.668404,1,0,0,0,68.000,0,6500.000,700.000,110.000,6140.000,390.000,90.000,100.000,60,-1.000,-1.000
644,13.579079,16.667235,1,0,0,0,68.000,0,6500.000,700.000,110.000,6140.000,390.000,90.000,100.000,60,-1.000,-1.000
645,16.864499,16.668445,1,0,0,0,68.000,0,6500.000,700.000,110.000,6140.000,390.000,90.000,100.000,60,-1.000,-1.000
646,16.738326,16.668214,1,0,0,0,68.000,0,6500.000,700.000,110.000,6140.000,390.000,90.000,100.000,60,-1.000,-1.000
647,16.547712,16.668536,1,0,0,0,68.000,0,6500.000,700.000,110.000,6140.000,390.000,90.000,100.000,60,-1.000,-1.000
648,18.849051,16.982321,1,0,0,0,68.000,0,6500.000,700.000,110.000,6140.000,390.000,90.000,100.000,60,-1.000,-1.000
649,14.034589,16.667575,1,0,0,0,68.000,0,6500.000,700.000,110.000,6140.000,390.000,90.000,100.000,60,-1.000,-1.000
650,16.601853,16.667814,1,0,0,0,68.000,0,6500.000,700.000,110.000,6140.000,390.000,90.000,100.000,60,-1.000,-1.000
651,16.700916,16.667345,1,0,0,0,68.000,0,6500.000,700.000,110.000,6140.000,390.000,90.000,100.000,60,-1.000,-1.000
652,16.251126,16.667495,1,0,0,0,68.000,0,6500.000,700.000,110.000,6140.000,390.000,90.000,100.000,60,-1.000,-1.000
653,16.540851,16.667154,1,0,0,0,68.000,0,6500.000,700.000,110.000,6140.000,390.000,90.000,100.000,60,-1.000,-1.000
654,16.669045,16.666825,1,0,0,0,68.000,0,6500.000,700.000,110.000,6140.000,390.000,90.000,100.000,60,-1.000,-1.000
655,17.310938,16.667775,1,0,0,0,68.000,0,6500.000,700.000,110.000,6140.000,390.000,90.000,100.000,60,-1.000,-1.000
656,16.761417,16.666904,1,0,0,0,68.000,0,6500.000,700.000,110.000,6140.000,390.000,90.000,100.000,60,-1.000,-1.000
657,16.804328,16.666975,1,0,0,0,68.000,0,6500.000,700.000,110.000,6140.000,390.000,90.000,100.000,60,-1.000,-1.000
658,16.867859,16.667905,1,0,0,0,68.000,0,6500.000,700.000,110.000,6140.000,390.000,90.000,100.000,60,-1.000,-1.000
659,16.962531,16.667225,1,0,0,0,68.000,0,6500.000,700.000,110.000,6140.000,390.000,90.000,100.000,60,-1.000,-1.000
660,16.447940,16.667755,1,0,0,0,68.000,0,6500.000,700.000,110.000,6140.000,390.000,90.000,100.000,60,-1.000,-1.000
661,16.973181,16.667735,1,0,0,0,68.000,0,6500.000,700.000,110.000,6140.000,390.000,90.000,100.000,60,-1.000,-1.000
662,18.099195,16.667394,1,0,0,0,68.000,0,6500.000,700.000,110.000,6140.000,390.000,90.000,100.000,60,-1.000,-1.000
663,15.388318,16.667355,1,0,0,0,68.000,0,6500.000,700.000,110.000,6140.000,390.000,90.000,100.000,60,-1.000,-1.000
664,16.209955,16.667895,1,0,0,0,68.000,0,6500.000,700.000,110.000,6140.000,390.000,90.000,100.000,60,-1.000,-1.000
665,17.905531,18.095635,1,0,0,0,68.000,0,6500.000,700.000,110.000,6140.000,390.000,90.000,100.000,60,-1.000,-1.000
666,18.355501,17.998603,1,0,0,0,68.000,0,6500.000,700.000,110.000,6140.000,390.000,90.000,100.000,60,-1.000,-1.000
667,17.165725,16.667394,1,0,0,0,68.000,0,6500.000,700.000,110.000,6140.000,390.000,90.000,100.000,60,-1.000,-1.000
668,17.240847,16.667555,1,0,0,0,68.000,0,6500.000,700.000,110.000,6140.000,390.000,90.000,100.000,60,-1.000,-1.000
669,16.328828,16.667035,1,0,0,0,68.000,0,6500.000,700.000,110.000,6140.000,390.000,90.000,100.000,60,-1.000,-1.000
670,16.506651,16.667034,1,0,0,0,68.000,0,6500.000,700.000,110.000,6140.000,390.000,90.000,100.000,60,-1.000,-1.000
671,16.712386,16.668245,1,0,0,0,68.000,0,6500.000,700.000,110.000,6140.000,390.000,90.000,100.000,60,-1.000,-1.000
672,16.314146,16.667635,1,0,0,0,68.000,0,6500.000,700.000,110.000,6140.000,390.000,90.000,100.000,60,-1.000,-1.000
673,20.834044,17.235247,1,0,0,0,68.000,0,6500.000,700.000,110.000,6140.000,390.000,90.000,100.000,60,-1.000,-1.000
674,17.854010,16.668975,1,0,0,0,68.000,0,6500.000,700.000,110.000,6140.000,390.000,90.000,100.000,60,-1.000,-1.000
675,13.374224,16.668404,1,0,0,0,68.000,0,6500.000,700.000,110.000,6140.000,390.000,90.000,100.000,60,-1.000,-1.000
676,15.576092,16.667665,1,0,0,0,68.000,0,6500.000,700.000,110.000,6140.000,390.000,90.000,100.000,60,-1.000,-1.000
677,16.507171,16.667985,1,0,0,0,68.000,0,6500.000,700.000,110.000,6140.000,390.000,90.000,100.000,60,-1.000,-1.000
678,16.331348,16.668264,1,0,0,0,68.000,0,6500.000,700.000,110.000,6140.000,390.000,90.000,100.000,60,-1.000,-1.000
679,18.339080,16.667655,1,0,0,0,68.000,0,6500.000,700.000,110.000,6140.000,390.000,90.000,100.000,60,-1.000,-1.000
680,20.507087,16.667625,1,0,0,0,68.000,0,6500.000,700.000,110.000,6140.000,390.000,90.000,100.000,60,-1.000,-1.000
681,10.832340,16.667164,1,0,0,0,68.000,0,6500.000,700.000,110.000,6140.000,390.000,90.000,100.000,60,-1.000,-1.000
682,18.375752,16.669646,1,0,0,0,68.000,0,6500.000,700.000,110.000,6140.000,390.000,90.000,100.000,60,-1.000,-1.000
683,15.052860,16.667205,1,0,0,0,68.000,0,6500.000,700.000,110.000,6140.000,390.000,90.000,100.000,60,-1.000,-1.000
684,16.418699,16.666974,1,0,0,0,68.000,0,6500.000,700.000,110.000,6140.000,390.000,90.000,100.000,60,-1.000,-1.000
685,20.712081,16.728216,1,0,0,0,68.000,0,6500.000,700.000,110.000,6140.000,390.000,90.000,100.000,60,-1.000,-1.000
686,13.068028,16.668235,1,0,0,0,68.000,0,6500.000,700.000,110.000,6140.000,390.000,90.000,100.000,60,-1.000,-1.000
687,20.190980,16.668724,1,0,0,0,68.000,0,6500.000,700.000,110.000,6140.000,390.000,90.000,100.000,60,-1.000,-1.000
688,17.154075,16.668135,1,0,0,0,68.000,0,6500.000,700.000,110.000,6140.000,390.000,90.000,100.000,60,-1.000,-1.000
689,15.267205,16.666935,1,0,0,0,68.000,0,6500.000,700.000,110.000,6140.000,390.000,90.000,100.000,60,-1.000,-1.000
690,18.584455,16.666924,1,0,0,0,68.000,0,6500.000,700.000,110.000,6140.000,390.000,90.000,100.000,60,-1.000,-1.000
691,15.861058,16.666965,1,0,0,0,68.000,0,6500.000,700.000,110.000,6140.000,390.000,90.000,100.000,60,-1.000,-1.000
692,16.695986,16.667365,1,0,0,0,68.000,0,6500.000,700.000,110.000,6140.000,390.000,90.000,100.000,60,-1.000,-1.000
693,18.149006,16.667414,1,0,0,0,68.000,0,6500.000,700.000,110.000,6140.000,390.000,90.000,100.000,60,-1.000,-1.000
694,16.138663,16.667625,1,0,0,0,68.000,0,6500.000,700.000,110.000,6140.000,390.000,90.000,100.000,60,-1.000,-1.000
695,15.409388,18.947404,1,0,0,0,68.000,0,6500.000,700.000,110.000,6140.000,390.000,90.000,100.000,60,-1.000,-1.000
696,17.017292,16.667965,1,0,0,0,68.000,0,6500.000,700.000,110.000,6140.000,390.000,90.000,100.000,60,-1.000,-1.000
697,19.285841,16.668144,1,0,0,0,68.000,0,6500.000,700.000,110.000,6140.000,390.000,90.000,100.000,60,-1.000,-1.000
698,19.864422,16.668605,1,0,0,0,68.000,0,6500.000,700.000,110.000,6140.000,390.000,90.000,100.000,60,-1.000,-1.000
699,15.636563,16.667665,1,0,0,0,68.000,0,6500.000,700.000,110.000,6140.000,390.000,90.000,100.000,60,-1.000,-1.000
700,17.545104,16.667164,1,0,0,0,68.000,0,6500.000,700.000,110.000,6140.000,390.000,90.000,100.000,60,-1.000,-1.000
701,13.795623,16.667325,1,0,0,0,68.000,0,6500.000,700.000,110.000,6140.000,390.000,90.000,100.000,60,-1.000,-1.000
702,15.174943,16.842609,26,0,0,0,68.000,0,6500.000,700.000,110.000,6140.000,390.000,90.000,100.000,60,-1.000,-1.000
703,761.058447,16.667294,26,0,0,0,68.000,0,6500.000,700.000,110.000,6140.000,390.000,90.000,100.000,60,-1.000,-1.000
704,9.614005,751.518725,26,0,0,0,68.000,0,6500.000,700.000,110.000,6140.000,390.000,90.000,100.000,60,-1.000,-1.000
705,10.657317,16.667254,26,0,0,0,68.000,0,6500.000,700.000,110.000,6140.000,390.000,90.000,100.000,60,-1.000,-1.000
706,16.717565,16.667735,26,0,0,0,68.000,0,6500.000,700.000,110.000,6140.000,390.000,90.000,100.000,60,-1.000,-1.000
707,16.910170,16.667495,26,0,0,0,68.000,0,6500.000,700.000,110.000,6140.000,390.000,90.000,100.000,60,-1.000,-1.000
708,17.593425,16.667584,26,0,0,0,68.000,0,6500.000,700.000,110.000,6140.000,390.000,90.000,100.000,60,-1.000,-1.000
709,17.445650,16.668115,2,0,0,0,68.000,0,6500.000,700.000,110.000,6140.000,390.000,90.000,100.000,60,-1.000,-1.000
710,18.559156,16.667355,2,1,0,1,68.000,0,6500.000,700.000,110.000,6140.000,390.000,90.000,100.000,60,-1.000,-1.000
711,13.765253,16.668364,2,1,0,1,68.000,0,6500.000,700.000,110.000,6140.000,390.000,90.000,100.000,60,-1.000,-1.000
712,19.239429,16.667255,2,1,0,1,68.000,0,6500.000,700.000,110.000,6140.000,390.000,90.000,100.000,60,-1.000,-1.000
713,16.352008,16.667805,2,1,0,1,68.000,0,6500.000,700.000,110.000,6140.000,390.000,90.000,100.000,60,-1.000,-1.000
714,15.879468,16.668444,2,1,0,1,68.000,0,6500.000,700.000,110.000,6140.000,390.000,90.000,100.000,60,-1.000,-1.000
715,18.153076,16.667255,2,1,0,1,68.000,0,6500.000,700.000,110.000,6140.000,390.000,90.000,100.000,60,-1.000,-1.000
716,15.312287,16.667535,2,1,0,1,68.000,0,6500.000,700.000,110.000,6140.000,390.000,90.000,100.000,60,-1.000,-1.000
717,15.699173,16.667194,2,1,0,1,68.000,0,6500.000,700.000,110.000,6140.000,390.000,90.000,100.000,60,-1.000,-1.000
718,16.498972,16.668805,2,1,0,1,68.000,0,6500.000,700.000,110.000,6140.000,390.000,90.000,100.000,60,-1.000,-1.000
719,17.549913,16.667966,2,1,0,1,68.000,0,6500.000,700.000,110.000,6140.000,390.000,90.000,100.000,60,-1.000,-1.000
720,15.926739,16.796016,2,1,0,1,68.000,0,6500.000,700.000,110.000,6140.000,390.000,90.000,100.000,60,-1.000,-1.000
721,16.486201,16.667545,2,1,0,1,68.000,0,6500.000,700.000,110.000,6140.000,390.000,90.000,100.000,60,-1.000,-1.000
722,16.499281,16.667825,2,1,0,1,68.000,0,6500.000,700.000,110.000,6140.000,390.000,90.000,100.000,60,-1.000,-1.000
723,17.279897,16.667904,2,1,0,1,68.000,0,6500.000,700.000,110.000,6140.000,390.000,90.000,100.000,60,-1.000,-1.000
724,16.260397,16.668656,2,1,0,1,68.000,0,6500.000,700.000,110.000,6140.000,390.000,90.000,100.000,60,-1.000,-1.000
725,16.596893,16.667635,2,1,0,1,68.000,0,6500.000,700.000,110.000,6140.000,390.000,90.000,100.000,60,-1.000,-1.000
726,16.737616,16.668254,2,1,0,1,68.000,0,6500.000,700.000,110.000,6140.000,390.000,90.000,100.000,60,-1.000,-1.000
727,16.584564,16.668375,2,1,0,1,68.000,0,6500.000,700.000,110.000,6140.000,390.000,90.000,100.000,60,-1.000,-1.000
728,17.179245,16.667335,2,1,0,1,68.000,0,6500.000,700.000,110.000,6140.000,390.000,90.000,100.000,60,-1.000,-1.000
729,15.735514,16.667344,2,1,0,1,68.000,0,6500.000,700.000,110.000,6140.000,390.000,90.000,100.000,60,-1.000,-1.000
730,16.849729,16.668855,2,1,0,1,68.000,0,6500.000,700.000,110.000,6140.000,390.000,90.000,100.000,60,-1.000,-1.000
731,16.399610,16.669005,2,1,0,1,68.000,0,6500.000,700.000,110.000,6140.000,390.000,90.000,100.000,60,-1.000,-1.000
732,16.940680,16.667294,2,1,0,1,68.000,0,6500.000,700.000,110.000,6140.000,390.000,90.000,100.000,60,-1.000,-1.000
733,16.687515,16.668965,3,1,0,1,68.000,0,6500.000,700.000,110.000,6140.000,390.000,90.000,100.000,60,-1.000,-1.000
734,16.673835,16.668275,3,1,0,1,68.000,0,6500.000,700.000,110.000,5900.000,390.000,90.000,100.000,60,-1.000,-1.000
735,16.058742,16.668004,3,1,0,1,68.000,0,6500.000,700.000,110.000,5900.000,390.000,90.000,100.000,60,-1.000,-1.000
736,16.868089,16.667975,3,1,0,1,68.000,0,6500.000,700.000,110.000,5900.000,390.000,90.000,100.000,60,-1.000,-1.000
737,16.281266,16.668075,3,1,0,1,68.000,0,6500.000,700.000,110.000,5900.000,390.000,90.000,100.000,60,-1.000,-1.000
738,16.846739,16.667505,3,1,0,1,68.000,0,6500.000,700.000,110.000,5900.000,390.000,90.000,100.000,60,-1.000,-1.000
739,16.599903,16.668035,3,1,0,1,68.000,0,6500.000,700.000,110.000,5900.000,390.000,90.000,100.000,60,-1.000,-1.000
740,16.782037,16.668415,3,1,0,1,68.000,0,6500.000,700.000,110.000,5900.000,390.000,90.000,100.000,60,-1.000,-1.000
741,18.991924,16.667514,3,1,0,1,68.000,0,6500.000,700.000,110.000,5900.000,390.000,90.000,100.000,60,-1.000,-1.000
742,16.127984,16.668015,3,1,0,1,68.000,0,6500.000,700.000,110.000,5900.000,390.000,90.000,100.000,60,-1.000,-1.000
743,16.696735,16.669285,3,1,0,1,68.000,0,6500.000,700.000,110.000,5900.000,390.000,90.000,100.000,60,-1.000,-1.000
744,17.855830,16.667774,3,1,0,1,68.000,0,6500.000,700.000,110.000,5900.000,390.000,90.000,100.000,60,-1.000,-1.000
745,15.980050,16.668505,3,1,0,1,68.000,0,6500.000,700.000,110.000,5900.000,390.000,90.000,100.000,60,-1.000,-1.000
746,16.546963,16.669035,3,1,0,1,68.000,0,6500.000,700.000,110.000,5900.000,390.000,90.000,100.000,60,-1.000,-1.000
747,17.737326,16.668784,3,1,0,1,68.000,0,6500.000,700.000,110.000,5900.000,390.000,90.000,100.000,60,-1.000,-1.000
748,16.726587,16.668095,3,1,0,1,68.000,0,6500.000,700.000,110.000,5900.000,390.000,90.000,100.000,60,-1.000,-1.000
749,15.426087,16.667345,3,1,0,1,68.000,0,6500.000,700.000,110.000,5900.000,390.000,90.000,100.000,60,-1.000,-1.000
750,15.200255,16.667624,3,1,0,1,68.000,0,6500.000,700.000,110.000,5900.000,390.000,90.000,100.000,60,-1.000,-1.000
751,16.760686,16.668265,3,1,0,1,68.000,0,6500.000,700.000,110.000,5900.000,390.000,90.000,100.000,60,-1.000,-1.000
752,16.687255,16.667955,3,1,0,1,68.000,0,6500.000,700.000,110.000,5900.000,390.000,90.000,100.000,60,-1.000,-1.000
753,18.440592,16.668895,3,1,0,1,68.000,0,6500.000,700.000,110.000,5900.000,390.000,90.000,100.000,60,-1.000,-1.000
754,17.593935,16.668145,3,1,0,1,68.000,0,6500.000,700.000,110.000,5900.000,390.000,90.000,100.000,60,-1.000,-1.000
755,16.792458,16.668194,3,1,0,1,68.000,0,6500.000,700.000,110.000,5900.000,390.000,90.000,100.000,60,-1.000,-1.000
756,17.192855,16.681165,3,1,0,1,68.000,0,6500.000,700.000,110.000,5900.000,390.000,90.000,100.000,60,-1.000,-1.000
757,13.224232,16.668525,3,1,0,1,68.000,0,6500.000,700.000,110.000,5900.000,390.000,90.000,100.000,60,-1.000,-1.000
758,17.693426,16.668424,3,1,0,1,68.000,0,6500.000,700.000,110.000,5900.000,390.000,90.000,100.000,60,-1.000,-1.000
759,15.106282,16.667535,3,1,0,1,68.000,0,6500.000,700.000,110.000,5900.000,390.000,90.000,100.000,60,-1.000,-1.000
760,19.288130,16.667655,3,1,0,1,68.000,0,6500.000,700.000,110.000,5900.000,390.000,90.000,100.000,60,-1.000,-1.000
761,20.109758,16.669284,3,1,0,1,68.000,0,6500.000,700.000,110.000,5900.000,390.000,90.000,100.000,60,-1.000,-1.000
762,11.381733,16.667576,3,1,0,1,68.000,0,6500.000,700.000,110.000,5900.000,390.000,90.000,100.000,60,-1.000,-1.000
763,17.653075,16.667595,3,1,0,1,68.000,0,6500.000,700.000,110.000,5900.000,390.000,90.000,100.000,60,-1.000,-1.000
764,18.943253,16.667654,3,1,0,1,68.000,0,6500.000,700.000,110.000,5900.000,390.000,90.000,100.000,60,-1.000,-1.000
765,16.132124,16.667105,3,1,0,1,68.000,0,6500.000,700.000,110.000,5900.000,390.000,90.000,100.000,60,-1.000,-1.000
766,16.660114,16.668385,3,1,0,1,68.000,0,6500.000,700.000,110.000,5900.000,390.000,90.000,100.000,60,-1.000,-1.000
767,15.510081,16.667344,3,1,0,1,68.000,0,6500.000,700.000,110.000,5900.000,390.000,90.000,100.000,60,-1.000,-1.000
768,14.867266,16.667825,3,1,0,1,68.000,0,6500.000,700.000,110.000,5900.000,390.000,90.000,100.000,60,-1.000,-1.000
769,16.811867,16.667835,3,1,0,1,68.000,0,6500.000,700.000,110.000,5900.000,390.000,90.000,100.000,60,-1.000,-1.000
770,16.496122,16.667184,3,1,0,1,68.000,0,6500.000,700.000,110.000,5900.000,390.000,90.000,100.000,60,-1.000,-1.000
771,17.423330,16.667725,3,1,0,1,68.000,0,6500.000,700.000,110.000,5900.000,390.000,90.000,100.000,60,-1.000,-1.000
772,15.908899,16.667825,3,1,0,1,68.000,0,6500.000,700.000,110.000,5900.000,390.000,90.000,100.000,60,-1.000,-1.000
773,17.062913,16.667194,3,1,0,1,68.000,0,6500.000,700.000,110.000,5900.000,390.000,90.000,100.000,60,-1.000,-1.000
774,18.854961,16.667605,3,1,0,1,68.000,0,6500.000,700.000,110.000,5900.000,390.000,90.000,100.000,60,-1.000,-1.000
775,14.451849,16.668235,3,1,0,1,68.000,0,6500.000,700.000,110.000,5900.000,390.000,90.000,100.000,60,-1.000,-1.000
776,16.757545,16.667614,3,1,0,1,68.000,0,6500.000,700.000,110.000,5900.000,390.000,90.000,100.000,60,-1.000,-1.000
777,16.477302,16.668256,3,1,0,1,68.000,0,6500.000,700.000,110.000,5900.000,390.000,90.000,100.000,60,-1.000,-1.000
778,16.519601,16.667105,3,1,0,1,68.000,0,6500.000,700.000,110.000,5900.000,390.000,90.000,100.000,60,-1.000,-1.000
779,18.698918,16.668084,3,1,0,1,68.000,0,6500.000,700.000,110.000,5900.000,390.000,90.000,100.000,60,-1.000,-1.000
780,17.035083,16.668215,3,1,0,1,68.000,0,6500.000,700.000,110.000,5900.000,390.000,90.000,100.000,60,-1.000,-1.000
781,14.420516,16.668575,3,1,0,1,68.000,0,6500.000,700.000,110.000,5900.000,390.000,90.000,100.000,60,-1.000,-1.000
782,16.787037,16.668354,3,1,0,1,68.000,0,6500.000,700.000,110.000,5900.000,390.000,90.000,100.000,60,-1.000,-1.000
783,18.012294,16.667925,3,1,0,1,68.000,0,6500.000,700.000,110.000,5900.000,390.000,90.000,100.000,60,-1.000,-1.000
784,18.856651,16.667585,3,1,0,1,68.000,0,6500.000,700.000,110.000,5900.000,390.000,90.000,100.000,60,-1.000,-1.000
785,16.577453,16.667884,3,1,0,1,68.000,0,6500.000,700.000,110.000,5900.000,390.000,90.000,100.000,60,-1.000,-1.000
786,12.277712,16.667055,3,1,0,1,68.000,0,6500.000,700.000,110.000,5900.000,390.000,90.000,100.000,60,-1.000,-1.000
787,16.896799,16.667405,3,1,0,1,68.000,0,6500.000,700.000,110.000,5900.000,390.000,90.000,100.000,60,-1.000,-1.000
788,16.823918,16.667694,3,1,0,1,68.000,0,6500.000,700.000,110.000,5900.000,390.000,90.000,100.000,60,-1.000,-1.000
789,18.431052,16.667325,3,1,0,1,68.000,0,6500.000,700.000,110.000,5900.000,390.000,90.000,100.000,60,-1.000,-1.000
790,17.958242,16.667025,3,1,0,1,68.000,0,6500.000,700.000,110.000,5900.000,390.000,90.000,100.000,60,-1.000,-1.000
791,13.041308,16.667114,3,1,0,1,68.000,0,6500.000,700.000,110.000,5900.000,390.000,90.000,100.000,60,-1.000,-1.000
792,17.659326,16.666985,3,1,0,1,68.000,0,6500.000,700.000,110.000,5900.000,390.000,90.000,100.000,60,-1.000,-1.000
793,16.112203,16.670146,4,1,0,1,68.000,0,6500.000,700.000,110.000,5900.000,390.000,90.000,100.000,60,-1.000,-1.000
794,16.832968,16.667934,4,1,0,1,68.000,0,6500.000,700.000,110.000,6200.000,610.000,90.000,100.000,60,-1.000,-1.000
795,16.696915,16.667505,4,1,0,1,68.000,0,6500.000,700.000,110.000,6200.000,610.000,90.000,100.000,60,-1.000,-1.000
796,16.968551,16.673715,4,1,0,1,68.000,0,6500.000,700.000,110.000,6200.000,610.000,90.000,100.000,60,-1.000,-1.000
797,16.571323,16.667564,4,1,0,1,68.000,0,6500.000,700.000,110.000,6200.000,610.000,90.000,100.000,60,-1.000,-1.000
798,16.459450,16.672815,4,1,0,1,68.000,0,6500.000,700.000,110.000,6200.000,610.000,90.000,100.000,60,-1.000,-1.000
799,18.845001,16.667225,4,1,0,1,68.000,0,6500.000,700.000,110.000,6200.000,610.000,90.000,100.000,60,-1.000,-1.000
800,15.526331,16.745686,4,1,0,1,68.000,0,6500.000,700.000,110.000,6200.000,610.000,90.000,100.000,60,-1.000,-1.000
801,15.590202,16.667215,4,1,0,1,68.000,0,6500.000,700.000,110.000,6200.000,610.000,90.000,100.000,60,-1.000,-1.000
802,16.733146,16.667795,4,1,0,1,68.000,0,6500.000,700.000,110.000,6200.000,610.000,90.000,100.000,60,-1.000,-1.000
803,17.492732,16.866729,4,1,0,1,68.000,0,6500.000,700.000,110.000,6200.000,610.000,90.000,100.000,60,-1.000,-1.000
804,21.335075,16.667564,4,1,0,1,68.000,0,6500.000,700.000,110.000,6200.000,610.000,90.000,100.000,60,-1.000,-1.000
805,12.298211,16.667825,4,1,0,1,68.000,0,6500.000,700.000,110.000,6200.000,610.000,90.000,100.000,60,-1.000,-1.000
806,16.492661,17.227796,4,1,0,1,68.000,0,6500.000,700.000,110.000,6200.000,610.000,90.000,100.000,60,-1.000,-1.000
807,16.656894,16.667306,4,1,0,1,68.000,0,6500.000,700.000,110.000,6200.000,610.000,90.000,100.000,60,-1.000,-1.000
808,16.867889,16.667314,4,1,0,1,68.000,0,6500.000,700.000,110.000,6200.000,610.000,90.000,100.000,60,-1.000,-1.000
809,17.987853,16.667495,4,1,0,1,68.000,0,6500.000,700.000,110.000,6200.000,610.000,90.000,100.000,60,-1.000,-1.000
810,15.396858,16.679655,4,1,0,1,68.000,0,6500.000,700.000,110.000,6200.000,610.000,90.000,100.000,60,-1.000,-1.000
811,17.951052,16.667664,4,1,0,1,68.000,0,6500.000,700.000,110.000,6200.000,610.000,90.000,100.000,60,-1.000,-1.000
812,15.731635,16.667665,4,1,0,1,68.000,0,6500.000,700.000,110.000,6200.000,610.000,90.000,100.000,60,-1.000,-1.000
813,16.771187,16.847739,4,1,0,1,68.000,0,6500.000,700.000,110.000,6200.000,610.000,90.000,100.000,60,-1.000,-1.000
814,16.615613,16.666955,4,1,0,1,68.000,0,6500.000,700.000,110.000,6200.000,610.000,90.000,100.000,60,-1.000,-1.000
815,15.816867,16.667684,4,1,0,1,68.000,0,6500.000,700.000,110.000,6200.000,610.000,90.000,100.000,60,-1.000,-1.000
816,16.891669,16.667605,4,1,0,1,68.000,0,6500.000,700.000,110.000,6200.000,610.000,90.000,100.000,60,-1.000,-1.000
817,16.356128,16.667385,4,1,0,1,68.000,0,6500.000,700.000,110.000,6200.000,610.000,90.000,100.000,60,-1.000,-1.000
818,17.107155,16.666964,4,1,0,1,68.000,0,6500.000,700.000,110.000,6200.000,610.000,90.000,100.000,60,-1.000,-1.000
819,18.354200,16.667145,4,1,0,1,68.000,0,6500.000,700.000,110.000,6200.000,610.000,90.000,100.000,60,-1.000,-1.000
820,14.867137,16.749057,4,1,0,1,68.000,0,6500.000,700.000,110.000,6200.000,610.000,90.000,100.000,60,-1.000,-1.000
821,16.945051,16.667104,4,1,0,1,68.000,0,6500.000,700.000,110.000,6200.000,610.000,90.000,100.000,60,-1.000,-1.000
822,16.357677,16.667455,4,1,0,1,68.000,0,6500.000,700.000,110.000,6200.000,610.000,90.000,100.000,60,-1.000,-1.000
823,17.919672,17.125864,4,1,0,1,68.000,0,6500.000,700.000,110.000,6200.000,610.000,90.000,100.000,60,-1.000,-1.000
824,16.121433,16.668865,4,1,0,1,68.000,0,6500.000,700.000,110.000,6200.000,610.000,90.000,100.000,60,-1.000,-1.000
825,16.419160,16.669285,4,1,0,1,68.000,0,6500.000,700.000,110.000,6200.000,610.000,90.000,100.000,60,-1.000,-1.000
826,16.474070,16.668195,4,1,0,1,68.000,0,6500.000,700.000,110.000,6200.000,610.000,90.000,100.000,60,-1.000,-1.000
827,19.943854,16.667995,4,1,0,1,68.000,0,6500.000,700.000,110.000,6200.000,610.000,90.000,100.000,60,-1.000,-1.000
828,18.877352,17.772097,4,1,0,1,68.000,0,6500.000,700.000,110.000,6200.000,610.000,90.000,100.000,60,-1.000,-1.000
829,15.584721,17.036174,4,1,0,1,68.000,0,6500.000,700.000,110.000,6200.000,610.000,90.000,100.000,60,-1.000,-1.000
830,15.439540,17.312318,4,1,0,1,68.000,0,6500.000,700.000,110.000,6200.000,610.000,90.000,100.000,60,-1.000,-1.000
831,17.708597,16.856719,4,1,0,1,68.000,0,6500.000,700.000,110.000,6200.000,610.000,90.000,100.000,60,-1.000,-1.000
832,16.401698,16.667484,4,1,0,1,68.000,0,6500.000,700.000,110.000,6200.000,610.000,90.000,100.000,60,-1.000,-1.000
833,16.271906,16.667655,4,1,0,1,68.000,0,6500.000,700.000,110.000,6200.000,610.000,90.000,100.000,60,-1.000,-1.000
834,16.844779,16.668235,4,1,0,1,68.000,0,6500.000,700.000,110.000,6200.000,610.000,90.000,100.000,60,-1.000,-1.000
835,16.428639,16.668654,4,1,0,1,68.000,0,6500.000,700.000,110.000,6200.000,610.000,90.000,100.000,60,-1.000,-1.000
836,18.797731,17.575425,4,1,0,1,68.000,0,6500.000,700.000,110.000,6200.000,610.000,90.000,100.000,60,-1.000,-1.000
837,17.602425,16.668365,4,1,0,1,68.000,0,6500.000,700.000,110.000,6200.000,610.000,90.000,100.000,60,-1.000,-1.000
838,14.161611,16.667764,4,1,0,1,68.000,0,6500.000,700.000,110.000,6200.000,610.000,90.000,100.000,60,-1.000,-1.000
839,16.614314,16.667365,4,1,0,1,68.000,0,6500.000,700.000,110.000,6200.000,610.000,90.000,100.000,60,-1.000,-1.000
840,18.235888,16.667865,4,1,0,1,68.000,0,6500.000,700.000,110.000,6200.000,610.000,90.000,100.000,60,-1.000,-1.000
841,15.522220,16.902289,4,1,0,1,68.000,0,6500.000,700.000,110.000,6200.000,610.000,90.000,100.000,60,-1.000,-1.000
842,16.290797,16.668435,4,1,0,1,68.000,0,6500.000,700.000,110.000,6200.000,610.000,90.000,100.000,60,-1.000,-1.000
843,17.210916,16.668615,4,1,0,1,68.000,0,6500.000,700.000,110.000,6200.000,610.000,90.000,100.000,60,-1.000,-1.000
844,16.630073,16.668054,4,1,0,1,68.000,0,6500.000,700.000,110.000,6200.000,610.000,90.000,100.000,60,-1.000,-1.000
845,18.166298,16.668345,4,1,0,1,68.000,0,6500.000,700.000,110.000,6200.000,610.000,90.000,100.000,60,-1.000,-1.000
846,14.993799,16.667745,4,1,0,1,68.000,0,6500.000,700.000,110.000,6200.000,610.000,90.000,100.000,60,-1.000,-1.000
847,17.756267,16.667244,4,1,0,1,68.000,0,6500.000,700.000,110.000,6200.000,610.000,90.000,100.000,60,-1.000,-1.000
848,15.538271,16.668255,4,1,0,1,68.000,0,6500.000,700.000,110.000,6200.000,610.000,90.000,100.000,60,-1.000,-1.000
849,16.798178,16.667755,4,1,0,1,68.000,0,6500.000,700.000,110.000,6200.000,610.000,90.000,100.000,60,-1.000,-1.000
850,18.677157,16.668214,4,1,0,1,68.000,0,6500.000,700.000,110.000,6200.000,610.000,90.000,100.000,60,-1.000,-1.000
851,14.346146,16.668085,4,1,0,1,68.000,0,6500.000,700.000,110.000,6200.000,610.000,90.000,100.000,60,-1.000,-1.000
852,16.867879,16.667925,4,1,0,1,68.000,0,6500.000,700.000,110.000,6200.000,610.000,90.000,100.000,60,-1.000,-1.000
853,17.119324,16.668345,5,1,0,1,68.000,0,6500.000,700.000,110.000,6200.000,610.000,90.000,100.000,60,-1.000,-1.000
854,20.941346,16.667815,5,1,0,2,34.000,0,6500.000,700.000,110.000,6200.000,610.000,90.000,100.000,59,-1.000,-1.000
855,12.927075,16.839748,5,1,0,2,34.000,0,6500.000,700.000,110.000,6200.000,610.000,90.000,100.000,59,-1.000,-1.000
856,16.505711,16.667005,5,1,0,2,34.000,0,6500.000,700.000,110.000,6200.000,610.000,90.000,100.000,59,-1.000,-1.000
857,17.113834,16.667304,5,1,0,2,34.000,0,6500.000,700.000,110.000,6200.000,610.000,90.000,100.000,59,-1.000,-1.000
858,16.418160,16.667425,5,1,0,2,34.000,0,6500.000,700.000,110.000,6200.000,610.000,90.000,100.000,59,-1.000,-1.000
859,17.288808,16.720256,6,1,0,2,34.000,0,6500.000,700.000,110.000,6200.000,610.000,90.000,100.000,59,-1.000,-1.000
860,178.777425,16.667564,6,1,0,2,34.000,0,6500.000,700.000,110.000,6200.000,610.000,90.000,100.000,59,-1.000,-1.000
861,7.843336,168.742612,6,1,0,2,34.000,0,6500.000,700.000,110.000,6200.000,610.000,90.000,100.000,59,-1.000,-1.000
862,13.609790,16.667075,6,1,0,2,34.000,0,6500.000,700.000,110.000,6200.000,610.000,90.000,100.000,59,-1.000,-1.000
863,16.804138,16.667244,6,1,0,2,34.000,0,6500.000,700.000,110.000,6200.000,610.000,90.000,100.000,59,-1.000,-1.000
864,16.731196,16.667715,6,1,0,2,34.000,0,6500.000,700.000,110.000,6200.000,610.000,90.000,100.000,59,-1.000,-1.000
865,16.487110,16.667115,6,1,0,2,34.000,0,6500.000,700.000,110.000,6200.000,610.000,90.000,100.000,59,-1.000,-1.000
866,16.747427,16.667814,6,1,0,2,34.000,0,6500.000,700.000,110.000,6200.000,610.000,90.000,100.000,59,-1.000,-1.000
867,16.962161,16.667755,6,1,0,2,34.000,0,6500.000,700.000,110.000,6200.000,610.000,90.000,100.000,59,-1.000,-1.000
868,17.112464,16.667365,6,1,0,2,34.000,0,6500.000,700.000,110.000,6200.000,610.000,90.000,100.000,59,-1.000,-1.000
869,17.010162,16.668094,6,1,0,2,34.000,0,6500.000,700.000,110.000,6200.000,610.000,90.000,100.000,59,-1.000,-1.000
870,17.440391,16.668586,6,1,0,2,34.000,0,6500.000,700.000,110.000,6200.000,610.000,90.000,100.000,59,-1.000,-1.000
871,15.565382,16.668715,6,1,0,2,34.000,0,6500.000,700.000,110.000,6200.000,610.000,90.000,100.000,59,-1.000,-1.000
872,20.465255,16.668794,6,1,0,2,34.000,0,6500.000,700.000,110.000,6200.000,610.000,90.000,100.000,59,-1.000,-1.000
873,15.545331,16.801868,6,1,0,2,34.000,0,6500.000,700.000,110.000,6200.000,610.000,90.000,100.000,59,-1.000,-1.000
874,15.625972,16.667435,6,1,0,2,34.000,0,6500.000,700.000,110.000,6200.000,610.000,90.000,100.000,59,-1.000,-1.000
875,16.611194,17.016162,6,1,0,2,34.000,0,6500.000,700.000,110.000,6200.000,610.000,90.000,100.000,59,-1.000,-1.000
876,18.049304,16.668084,6,1,0,2,34.000,0,6500.000,700.000,110.000,6200.000,610.000,90.000,100.000,59,-1.000,-1.000
877,15.169793,16.667415,6,1,0,2,34.000,0,6500.000,700.000,110.000,6200.000,610.000,90.000,100.000,59,-1.000,-1.000
878,18.865561,16.667355,6,1,0,2,34.000,0,6500.000,700.000,110.000,6200.000,610.000,90.000,100.000,59,-1.000,-1.000
879,19.942685,16.667104,6,1,0,2,34.000,0,6500.000,700.000,110.000,6200.000,610.000,90.000,100.000,59,-1.000,-1.000
880,12.332002,16.667915,7,1,0,2,34.000,0,6500.000,700.000,110.000,6200.000,610.000,90.000,100.000,59,-1.000,-1.000
881,21.247283,18.991484,7,1,0,3,0.000,1,6507.471,700.000,111.152,6200.000,610.000,90.000,100.000,58,-1.000,-1.000
882,12.684489,16.803048,7,1,0,3,0.000,1,6513.992,700.000,111.885,6200.000,610.000,90.000,100.000,58,-1.000,-1.000
883,19.651359,17.205836,7,1,0,3,0.000,1,6520.577,700.000,112.339,6200.000,610.000,90.000,100.000,58,-1.000,-1.000
884,14.200582,16.819508,7,1,0,3,0.000,1,6526.928,700.000,112.503,6200.000,610.000,90.000,100.000,58,-1.000,-1.000
885,16.324837,16.668194,7,1,0,3,0.000,1,6533.138,700.000,112.395,6200.000,610.000,90.000,100.000,58,-1.000,-1.000
886,17.322909,16.667805,8,1,0,3,0.000,1,6539.265,700.000,112.019,6200.000,610.000,90.000,100.000,58,-1.000,-1.000
887,16.127443,16.878810,8,1,0,3,0.000,1,6545.386,700.000,111.369,6200.000,610.000,90.000,100.000,58,-1.000,-1.000
888,16.850919,16.667175,8,1,0,3,0.000,1,6551.349,700.000,110.467,6200.000,610.000,90.000,100.000,58,-1.000,-1.000
889,16.887300,16.667934,8,1,0,3,0.000,1,6557.233,700.000,109.308,6200.000,610.000,90.000,100.000,58,-1.000,-1.000
890,16.155253,16.667485,8,1,0,3,0.000,1,6563.039,700.000,107.896,6200.000,610.000,90.000,100.000,58,-1.000,-1.000
891,24.121363,16.668185,8,1,0,3,0.000,1,6568.767,700.000,106.234,6200.000,610.000,90.000,100.000,58,-1.000,-1.000
892,9.087434,16.679784,8,1,0,3,0.000,1,6574.423,700.000,104.324,6200.000,610.000,90.000,100.000,58,-1.000,-1.000
893,16.834108,16.667945,8,1,0,3,0.000,1,6579.873,700.039,102.361,6200.000,610.000,90.000,100.000,58,-1.000,-1.000
894,16.584583,16.666995,8,1,0,3,0.000,1,6585.052,700.355,100.615,6200.000,610.000,90.000,100.000,58,-1.000,-1.000
895,16.751396,16.667284,8,1,0,3,0.000,1,6590.161,700.666,98.624,6200.000,610.000,90.000,100.000,58,-1.000,-1.000
896,16.392819,16.667605,8,1,0,3,0.000,1,6595.167,700.992,96.448,6200.000,610.000,90.000,100.000,58,-1.000,-1.000
897,16.882329,16.667906,8,1,0,3,0.000,1,6600.082,701.327,94.072,6200.000,610.000,90.000,100.000,58,-1.000,-1.000
898,17.729818,16.670324,8,1,0,3,0.000,1,6604.908,701.670,91.497,6200.000,610.000,90.000,100.000,58,-1.000,-1.000
899,16.587703,16.668495,8,1,0,3,0.000,1,6609.647,702.020,88.724,6200.000,610.000,90.000,100.000,58,-1.000,-1.000
900,16.688435,17.073643,8,1,0,3,0.000,1,6614.412,702.387,85.678,6200.000,610.000,90.000,100.000,58,-1.000,-1.000
901,16.902350,16.668955,8,1,0,3,0.000,1,6618.980,702.752,82.512,6200.000,610.000,90.000,100.000,58,-1.000,-1.000
902,16.305937,16.668694,8,1,0,3,0.000,1,6623.465,703.123,79.153,6200.000,610.000,90.000,100.000,58,-1.000,-1.000
903,17.422601,16.668675,8,1,0,3,0.000,1,6627.868,703.500,75.606,6200.000,610.000,90.000,100.000,58,-1.000,-1.000
904,16.901350,16.987012,8,1,0,3,0.000,1,6632.272,703.889,71.797,6200.000,610.000,90.000,100.000,58,-1.000,-1.000
905,16.013060,16.668515,8,1,0,3,0.000,1,6636.513,704.274,67.874,6200.000,610.000,90.000,100.000,58,-1.000,-1.000
906,16.736097,16.667334,8,1,0,3,0.000,1,6640.675,704.661,63.769,6200.000,610.000,90.000,100.000,58,-1.000,-1.000
907,17.578943,16.667065,8,1,0,3,0.000,1,6644.759,705.048,59.483,6200.000,610.000,90.000,100.000,58,-1.000,-1.000
908,15.939010,17.205046,8,1,0,3,0.000,1,6648.788,705.453,55.016,6200.000,610.000,90.000,100.000,58,-1.000,-1.000
909,16.162513,16.667875,8,1,0,3,0.000,1,6652.471,705.839,50.719,6200.000,610.000,90.000,100.000,58,-1.000,-1.000
910,17.385421,16.669114,8,1,0,3,0.000,1,6656.085,706.222,46.240,6200.000,610.000,90.000,100.000,58,-1.000,-1.000
911,15.960050,16.668695,8,1,0,3,0.000,1,6659.627,706.601,41.584,6200.000,610.000,90.000,100.000,58,-1.000,-1.000
912,17.537512,16.781678,8,1,0,3,0.000,1,6663.122,706.976,36.721,6200.000,610.000,90.000,100.000,58,-1.000,-1.000
913,16.414870,16.667715,8,1,0,3,0.000,1,6666.522,707.344,31.723,6200.000,610.000,90.000,100.000,58,-1.000,-1.000
914,16.456890,16.668434,8,1,0,3,0.000,1,6669.851,707.704,26.559,6200.000,610.000,90.000,100.000,58,-1.000,-1.000
915,16.712546,16.669045,8,1,0,3,0.000,1,6673.109,708.058,21.234,6200.000,610.000,90.000,100.000,58,-1.000,-1.000
916,16.682135,16.857039,8,1,0,3,0.000,1,6676.305,708.404,15.724,6200.000,610.000,90.000,100.000,58,-1.000,-1.000
917,16.869119,16.728085,8,1,0,3,0.000,1,6679.336,708.731,10.201,6200.000,610.000,90.000,100.000,58,-1.000,-1.000
918,16.121783,16.667665,8,1,0,3,0.000,1,6681.273,708.952,5.999,6200.000,610.000,90.000,100.000,58,-1.000,-1.000
919,17.064003,16.667855,8,1,0,3,0.000,1,6681.583,709.179,7.246,6200.000,610.000,90.000,100.000,58,-1.000,-1.000
920,16.354889,16.667334,8,1,0,3,0.000,1,6681.671,709.256,8.329,6200.000,610.000,90.000,100.000,58,-1.000,-1.000
921,18.153656,16.668935,8,1,0,3,0.000,1,6681.757,709.331,9.130,6200.000,610.000,90.000,100.000,58,-1.000,-1.000
922,16.852959,16.779778,8,1,0,3,0.000,1,6681.826,709.391,9.684,6200.000,610.000,90.000,100.000,58,-1.000,-1.000
923,15.386497,16.668325,8,1,0,3,0.000,1,6681.869,709.423,10.010,6200.000,610.000,90.000,100.000,58,-1.000,-1.000
924,16.589663,16.668994,8,1,0,3,0.000,1,6681.876,709.424,10.139,6200.000,610.000,90.000,100.000,58,-1.000,-1.000
925,16.436589,16.668465,8,1,0,3,0.000,1,6681.883,709.418,10.086,6200.000,610.000,90.000,100.000,58,-1.000,-1.000
926,16.626755,16.668475,8,1,0,3,0.000,1,6681.905,709.424,9.834,6200.000,610.000,90.000,100.000,58,-1.000,-1.000
927,17.140714,16.667984,8,1,0,3,0.000,1,6681.944,709.434,9.387,6200.000,610.000,90.000,100.000,58,-1.000,-1.000
928,17.364840,17.137385,8,1,0,3,0.000,1,6681.999,709.446,8.724,6200.000,610.000,90.000,100.000,58,-1.000,-1.000
929,16.125983,16.668005,8,1,0,3,0.000,1,6682.065,709.458,7.889,6200.000,610.000,90.000,100.000,58,-1.000,-1.000
930,16.821168,16.667525,8,1,0,3,0.000,1,6682.137,709.471,6.869,6200.000,610.000,90.000,100.000,58,-1.000,-1.000
931,16.517962,16.668874,8,1,0,3,0.000,1,6682.188,709.481,6.000,6200.000,610.000,90.000,100.000,58,-1.000,-1.000
932,16.933050,16.667935,8,1,0,3,0.000,1,6682.184,709.480,6.115,6200.000,610.000,90.000,100.000,58,-1.000,-1.000
933,17.055703,17.160925,8,1,0,3,0.000,1,6682.188,709.481,6.019,6200.000,610.000,90.000,100.000,58,-1.000,-1.000
934,16.586023,16.667775,8,1,0,3,0.000,1,6682.190,709.481,6.000,6200.000,610.000,90.000,100.000,58,-1.000,-1.000
935,17.637315,16.668374,8,1,0,3,0.000,1,6682.190,709.481,6.000,6200.000,610.000,90.000,100.000,58,-1.000,-1.000
936,15.845718,16.667935,8,1,0,3,0.000,1,6682.190,709.481,6.000,6200.000,610.000,90.000,100.000,58,-1.000,-1.000
937,18.072324,17.125915,8,1,0,3,0.000,1,6682.190,709.481,6.000,6200.000,610.000,90.000,100.000,58,-1.000,-1.000
938,16.355108,16.667205,8,1,0,3,0.000,1,6682.190,709.481,6.000,6200.000,610.000,90.000,100.000,58,-1.000,-1.000
939,16.583783,16.667415,8,1,0,3,0.000,1,6682.190,709.481,6.000,6200.000,610.000,90.000,100.000,58,-1.000,-1.000
940,19.263280,17.339448,8,1,0,3,0.000,1,6682.190,709.481,6.000,6200.000,610.000,90.000,100.000,58,-1.000,-1.000
941,14.664113,16.723747,8,1,0,3,0.000,1,6682.190,709.481,6.000,6200.000,610.000,90.000,100.000,58,-1.000,-1.000
942,16.272436,16.832947,8,1,0,3,0.000,1,6682.190,709.481,6.000,6200.000,610.000,90.000,100.000,58,-1.000,-1.000
943,17.011422,16.668755,8,1,0,3,0.000,1,6682.190,709.481,6.000,6200.000,610.000,90.000,100.000,58,-1.000,-1.000
944,16.995991,16.667775,8,1,0,3,0.000,1,6682.190,709.481,6.000,6200.000,610.000,90.000,100.000,58,-1.000,-1.000
945,16.019751,16.668884,8,1,0,3,0.000,1,6682.190,709.481,6.000,6200.000,610.000,90.000,100.000,58,-1.000,-1.000
946,16.841029,16.667835,8,1,0,3,0.000,1,6682.190,709.481,6.000,6200.000,610.000,90.000,100.000,58,-1.000,-1.000
947,16.517351,16.667235,8,1,0,3,0.000,1,6682.190,709.481,6.000,6200.000,610.000,90.000,100.000,58,-1.000,-1.000
948,20.546468,16.668704,8,1,0,3,0.000,1,6682.190,709.481,6.000,6200.000,610.000,90.000,100.000,58,-1.000,-1.000
949,13.088248,16.667886,8,1,0,3,0.000,1,6682.190,709.481,6.000,6200.000,610.000,90.000,100.000,58,-1.000,-1.000
950,16.527681,16.668165,8,1,0,3,0.000,1,6682.190,709.481,6.000,6200.000,610.000,90.000,100.000,58,-1.000,-1.000
951,17.580235,16.667514,8,1,0,3,0.000,1,6682.190,709.481,6.000,6200.000,610.000,90.000,100.000,58,-1.000,-1.000
952,15.852677,16.667735,8,1,0,3,0.000,1,6682.190,709.481,6.000,6200.000,610.000,90.000,100.000,58,-1.000,-1.000
953,16.120003,16.667735,8,1,0,3,0.000,1,6682.190,709.481,6.000,6200.000,610.000,90.000,100.000,58,-1.000,-1.000
954,16.290857,16.667634,8,1,0,3,0.000,1,6682.190,709.481,6.000,6200.000,610.000,90.000,100.000,58,-1.000,-1.000
955,16.932040,16.667615,8,1,0,3,0.000,1,6682.190,709.481,6.000,6200.000,610.000,90.000,100.000,58,-1.000,-1.000
956,16.485852,16.667355,8,1,0,3,0.000,1,6682.190,709.481,6.000,6200.000,610.000,90.000,100.000,58,-1.000,-1.000
957,16.509380,16.667724,8,1,0,3,0.000,1,6682.190,709.481,6.000,6200.000,610.000,90.000,100.000,58,-1.000,-1.000
958,17.028613,16.667275,8,1,0,3,0.000,1,6682.190,709.481,6.000,6200.000,610.000,90.000,100.000,58,-1.000,-1.000
959,16.434040,16.667835,8,1,0,3,0.000,1,6682.190,709.481,6.000,6200.000,610.000,90.000,100.000,58,-1.000,-1.000
960,16.768606,16.667814,8,1,0,3,0.000,1,6682.190,709.481,6.000,6200.000,610.000,90.000,100.000,58,-1.000,-1.000
961,16.802788,16.667745,8,1,0,3,0.000,1,6682.190,709.481,6.000,6200.000,610.000,90.000,100.000,58,-1.000,-1.000
962,16.914410,16.667395,8,1,0,3,0.000,1,6682.190,709.481,6.000,6200.000,610.000,90.000,100.000,58,-1.000,-1.000
963,16.876599,16.889990,8,1,0,3,0.000,1,6682.190,709.481,6.000,6200.000,610.000,90.000,100.000,58,-1.000,-1.000
964,16.704466,16.667114,8,1,0,3,0.000,1,6682.190,709.481,6.000,6200.000,610.000,90.000,100.000,58,-1.000,-1.000
965,16.763336,16.667675,8,1,0,3,0.000,1,6682.190,709.481,6.000,6200.000,610.000,90.000,100.000,58,-1.000,-1.000
966,19.051746,16.667075,8,1,0,3,0.000,1,6682.190,709.481,6.000,6200.000,610.000,90.000,100.000,58,-1.000,-1.000
967,14.181732,16.667364,8,1,0,3,0.000,1,6682.190,709.481,6.000,6200.000,610.000,90.000,100.000,58,-1.000,-1.000
968,16.461060,16.667755,8,1,0,3,0.000,1,6682.190,709.481,6.000,6200.000,610.000,90.000,100.000,58,-1.000,-1.000
969,21.429216,16.667345,8,1,0,3,0.000,1,6682.190,709.481,6.000,6200.000,610.000,90.000,100.000,58,-1.000,-1.000
970,11.542646,16.667114,8,1,0,3,0.000,1,6682.190,709.481,6.000,6200.000,610.000,90.000,100.000,58,-1.000,-1.000
971,17.326308,16.667355,8,1,0,3,0.000,1,6682.190,709.481,6.000,6200.000,610.000,90.000,100.000,58,-1.000,-1.000
972,16.460121,16.667434,8,1,0,3,0.000,1,6682.190,709.481,6.000,6200.000,610.000,90.000,100.000,58,-1.000,-1.000
973,16.723245,16.667095,8,1,0,3,0.000,1,6682.190,709.481,6.000,6200.000,610.000,90.000,100.000,58,-1.000,-1.000
974,16.367409,16.667376,8,1,0,3,0.000,1,6682.190,709.481,6.000,6200.000,610.000,90.000,100.000,58,-1.000,-1.000
975,23.739116,16.667054,8,1,0,3,0.000,1,6682.190,709.481,6.000,6200.000,610.000,90.000,100.000,58,-1.000,-1.000
976,11.146517,16.667615,8,1,0,3,0.000,1,6682.190,709.481,6.000,6200.000,610.000,90.000,100.000,58,-1.000,-1.000
977,15.136272,16.667325,8,1,0,3,0.000,1,6682.190,709.481,6.000,6200.000,610.000,90.000,100.000,58,-1.000,-1.000
978,17.596984,16.667264,8,1,0,3,0.000,1,6682.190,709.481,6.000,6200.000,610.000,90.000,100.000,58,-1.000,-1.000
979,18.116326,16.959641,8,1,0,3,0.000,1,6682.190,709.481,6.000,6200.000,610.000,90.000,100.000,58,-1.000,-1.000
980,15.924488,17.273328,8,1,0,3,0.000,1,6682.190,709.481,6.000,6200.000,610.000,90.000,100.000,58,-1.000,-1.000
981,16.500702,16.668914,8,1,0,3,0.000,1,6682.190,709.481,6.000,6200.000,610.000,90.000,100.000,58,-1.000,-1.000
982,20.125888,17.120694,8,1,0,3,0.000,1,6682.190,709.481,6.000,6200.000,610.000,90.000,100.000,58,-1.000,-1.000
983,11.509646,16.667296,8,1,0,3,0.000,1,6682.190,709.481,6.000,6200.000,610.000,90.000,100.000,58,-1.000,-1.000
984,17.051123,16.667235,8,1,0,3,0.000,1,6682.190,709.481,6.000,6200.000,610.000,90.000,100.000,58,-1.000,-1.000
985,20.174359,16.667514,8,1,0,3,0.000,1,6682.190,709.481,6.000,6200.000,610.000,90.000,100.000,58,-1.000,-1.000
986,13.881325,17.115085,8,1,0,3,0.000,1,6682.190,709.481,6.000,6200.000,610.000,90.000,100.000,58,-1.000,-1.000
987,16.145834,16.669814,8,1,0,3,0.000,1,6682.190,709.481,6.000,6200.000,610.000,90.000,100.000,58,-1.000,-1.000
988,17.152455,16.667525,8,1,0,3,0.000,1,6682.190,709.481,6.000,6200.000,610.000,90.000,100.000,58,-1.000,-1.000
989,18.955143,16.667475,8,1,0,3,0.000,1,6682.190,709.481,6.000,6200.000,610.000,90.000,100.000,58,-1.000,-1.000
990,15.053190,16.717955,8,1,0,3,0.000,1,6682.190,709.481,6.000,6200.000,610.000,90.000,100.000,58,-1.000,-1.000
991,16.258346,16.667505,8,1,0,3,0.000,1,6682.190,709.481,6.000,6200.000,610.000,90.000,100.000,58,-1.000,-1.000
992,17.361960,17.062373,8,1,0,3,0.000,1,6682.190,709.481,6.000,6200.000,610.000,90.000,100.000,58,-1.000,-1.000
993,18.443382,17.528193,8,1,0,3,0.000,1,6682.190,709.481,6.000,6200.000,610.000,90.000,100.000,58,-1.000,-1.000
994,21.688532,17.103105,8,1,0,3,0.000,1,6682.190,709.481,6.000,6200.000,610.000,90.000,100.000,58,-1.000,-1.000
995,11.043345,16.891398,8,1,0,3,0.000,1,6682.190,709.481,6.000,6200.000,610.000,90.000,100.000,58,-1.000,-1.000
996,16.714195,16.667635,8,1,0,3,0.000,1,6682.190,709.481,6.000,6200.000,610.000,90.000,100.000,58,-1.000,-1.000
997,16.604004,16.667225,8,1,0,3,0.000,1,6682.190,709.481,6.000,6200.000,610.000,90.000,100.000,58,-1.000,-1.000
998,16.746337,16.667494,8,1,0,3,0.000,1,6682.190,709.481,6.000,6200.000,610.000,90.000,100.000,58,-1.000,-1.000
999,18.245858,16.667125,8,1,0,3,0.000,1,6682.190,709.481,6.000,6200.000,610.000,90.000,100.000,58,-1.000,-1.000
1000,16.066602,16.781278,8,1,0,3,0.000,1,6682.190,709.481,6.000,6200.000,610.000,90.000,100.000,58,-1.000,-1.000
1001,19.111996,16.667525,8,1,0,3,0.000,1,6682.190,709.481,6.000,6200.000,610.000,90.000,100.000,58,-1.000,-1.000
1002,13.106039,16.667564,8,1,0,3,0.000,1,6682.190,709.481,6.000,6200.000,610.000,90.000,100.000,58,-1.000,-1.000
1003,21.043468,18.659667,8,1,0,3,0.000,1,6682.190,709.481,6.000,6200.000,610.000,90.000,100.000,58,-1.000,-1.000
1004,14.476629,16.938101,8,1,0,3,0.000,1,6682.190,709.481,6.000,6200.000,610.000,90.000,100.000,58,-1.000,-1.000
1005,22.879907,16.667194,8,1,0,3,0.000,1,6682.190,709.481,6.000,6200.000,610.000,90.000,100.000,58,-1.000,-1.000
1006,12.481675,17.061344,27,1,0,3,0.000,1,6682.190,709.481,6.000,6200.000,610.000,90.000,100.000,58,-1.000,-1.000
1007,171.565732,16.667364,27,1,0,3,0.000,1,6682.190,709.481,6.000,6200.000,610.000,90.000,100.000,58,-1.000,-1.000
1008,7.866957,159.785401,27,1,0,3,0.000,1,6682.190,709.481,6.000,6200.000,610.000,90.000,100.000,58,-1.000,-1.000
1009,18.348970,16.667825,27,1,0,3,0.000,1,6682.190,709.481,6.000,6200.000,610.000,90.000,100.000,58,-1.000,-1.000
1010,10.847831,16.667264,27,1,0,3,0.000,1,6682.190,709.481,6.000,6200.000,610.000,90.000,100.000,58,-1.000,-1.000
1011,16.970202,16.667325,27,1,0,3,0.000,1,6682.190,709.481,6.000,6200.000,610.000,90.000,100.000,58,-1.000,-1.000
1012,16.885049,16.667525,27,1,0,3,0.000,1,6682.190,709.481,6.000,6200.000,610.000,90.000,100.000,58,-1.000,-1.000
1013,16.590973,16.667794,27,1,0,3,0.000,1,6682.190,709.481,6.000,6200.000,610.000,90.000,100.000,58,-1.000,-1.000
1014,16.708575,16.667345,27,1,0,3,0.000,1,6682.190,709.481,6.000,6200.000,610.000,90.000,100.000,58,-1.000,-1.000
1015,16.785138,16.667595,27,1,0,3,0.000,1,6682.190,709.481,6.000,6200.000,610.000,90.000,100.000,58,-1.000,-1.000
1016,16.910210,16.666964,27,1,0,3,0.000,1,6682.190,709.481,6.000,6200.000,610.000,90.000,100.000,58,-1.000,-1.000
1017,17.810648,16.667286,27,1,0,3,0.000,1,6682.190,709.481,6.000,6200.000,610.000,90.000,100.000,58,-1.000,-1.000
1018,14.878547,16.667505,27,1,0,3,0.000,1,6682.190,709.481,6.000,6200.000,610.000,90.000,100.000,58,-1.000,-1.000
1019,16.932520,16.667824,27,1,0,3,0.000,1,6682.190,709.481,6.000,6200.000,610.000,90.000,100.000,58,-1.000,-1.000
1020,20.741782,16.675795,27,1,0,3,0.000,1,6682.190,709.481,6.000,6200.000,610.000,90.000,100.000,58,-1.000,-1.000
1021,12.879614,16.667055,27,1,0,3,0.000,1,6682.190,709.481,6.000,6200.000,610.000,90.000,100.000,58,-1.000,-1.000
1022,15.511470,16.666874,27,1,0,3,0.000,1,6682.190,709.481,6.000,6200.000,610.000,90.000,100.000,58,-1.000,-1.000
1023,22.863867,16.667625,27,1,0,3,0.000,1,6682.190,709.481,6.000,6200.000,610.000,90.000,100.000,58,-1.000,-1.000
1024,14.791745,16.715616,27,1,0,3,0.000,1,6682.190,709.481,6.000,6200.000,610.000,90.000,100.000,58,-1.000,-1.000
1025,17.780018,16.668304,27,1,0,3,0.000,1,6682.190,709.481,6.000,6200.000,610.000,90.000,100.000,58,-1.000,-1.000
1026,15.205144,16.668665,27,1,0,3,0.000,1,6682.190,709.481,6.000,6200.000,610.000,90.000,100.000,58,-1.000,-1.000
1027,14.184101,16.669035,27,1,0,3,0.000,1,6682.190,709.481,6.000,6200.000,610.000,90.000,100.000,58,-1.000,-1.000
1028,19.663749,16.667864,9,1,0,3,0.000,1,6682.190,709.481,6.000,6200.000,610.000,90.000,100.000,58,-1.000,-1.000
1029,16.083052,16.926401,9,1,0,3,0.000,1,6682.190,709.481,6.000,6300.000,700.000,90.000,100.000,58,-1.000,-1.000
1030,16.189985,16.668615,9,1,0,3,0.000,1,6682.190,709.481,6.000,6300.000,700.000,90.000,100.000,58,-1.000,-1.000
1031,15.629983,16.667584,9,1,0,3,0.000,1,6682.190,709.481,6.000,6300.000,700.000,90.000,100.000,58,-1.000,-1.000
1032,17.136394,16.668905,9,1,0,3,0.000,1,6682.190,709.481,6.000,6300.000,700.000,90.000,100.000,58,-1.000,-1.000
1033,15.596032,16.668935,9,1,0,3,0.000,1,6682.190,709.481,6.000,6300.000,700.000,90.000,100.000,58,-1.000,-1.000
1034,16.687825,16.668764,9,1,0,3,0.000,1,6682.190,709.481,6.000,6300.000,700.000,90.000,100.000,58,-1.000,-1.000
1035,16.591414,16.667285,9,1,0,3,0.000,1,6682.190,709.481,6.000,6300.000,700.000,90.000,100.000,58,-1.000,-1.000
1036,17.069593,16.667385,9,1,0,3,0.000,1,6682.190,709.481,6.000,6300.000,700.000,90.000,100.000,58,-1.000,-1.000
1037,16.227545,16.738576,9,1,0,3,0.000,1,6682.190,709.481,6.000,6300.000,700.000,90.000,100.000,58,-1.000,-1.000
1038,16.802028,16.668275,9,1,0,3,0.000,1,6682.190,709.481,6.000,6300.000,700.000,90.000,100.000,58,-1.000,-1.000
1039,19.720829,16.668175,9,1,0,3,0.000,1,6682.190,709.481,6.000,6300.000,700.000,90.000,100.000,58,-1.000,-1.000
1040,15.165132,16.668044,9,1,0,3,0.000,1,6682.190,709.481,6.000,6300.000,700.000,90.000,100.000,58,-1.000,-1.000
1041,14.652963,16.667395,9,1,0,3,0.000,1,6682.190,709.481,6.000,6300.000,700.000,90.000,100.000,58,-1.000,-1.000
1042,16.428060,16.667495,9,1,0,3,0.000,1,6682.190,709.481,6.000,6300.000,700.000,90.000,100.000,58,-1.000,-1.000
1043,18.891021,16.667094,9,1,0,3,0.000,1,6682.190,709.481,6.000,6300.000,700.000,90.000,100.000,58,-1.000,-1.000
1044,17.766378,16.667275,9,1,0,3,0.000,1,6682.190,709.481,6.000,6300.000,700.000,90.000,100.000,58,-1.000,-1.000
1045,13.398376,16.668055,9,1,0,3,0.000,1,6682.190,709.481,6.000,6300.000,700.000,90.000,100.000,58,-1.000,-1.000
1046,17.539143,16.667394,9,1,0,3,0.000,1,6682.190,709.481,6.000,6300.000,700.000,90.000,100.000,58,-1.000,-1.000
1047,15.386868,16.667715,9,1,0,3,0.000,1,6682.190,709.481,6.000,6300.000,700.000,90.000,100.000,58,-1.000,-1.000
1048,18.524534,16.667676,9,1,0,3,0.000,1,6682.190,709.481,6.000,6300.000,700.000,90.000,100.000,58,-1.000,-1.000
1049,18.703218,16.668194,9,1,0,3,0.000,1,6682.190,709.481,6.000,6300.000,700.000,90.000,100.000,58,-1.000,-1.000
1050,16.128383,16.667425,9,1,0,3,0.000,1,6682.190,709.481,6.000,6300.000,700.000,90.000,100.000,58,-1.000,-1.000
1051,17.760658,16.668025,9,1,0,3,0.000,1,6682.190,709.481,6.000,6300.000,700.000,90.000,100.000,58,-1.000,-1.000
1052,17.216237,16.667824,9,1,0,3,0.000,1,6682.190,709.481,6.000,6300.000,700.000,90.000,100.000,58,-1.000,-1.000
1053,12.561146,16.667725,9,1,0,3,0.000,1,6682.190,709.481,6.000,6300.000,700.000,90.000,100.000,58,-1.000,-1.000
1054,17.685607,16.668135,9,1,0,3,0.000,1,6682.190,709.481,6.000,6300.000,700.000,90.000,100.000,58,-1.000,-1.000
1055,15.298225,16.667074,9,1,0,3,0.000,1,6682.190,709.481,6.000,6300.000,700.000,90.000,100.000,58,-1.000,-1.000
1056,16.155304,16.667105,9,1,0,3,0.000,1,6682.190,709.481,6.000,6300.000,700.000,90.000,100.000,58,-1.000,-1.000
1057,18.196108,16.667795,9,1,0,3,0.000,1,6682.190,709.481,6.000,6300.000,700.000,90.000,100.000,58,-1.000,-1.000
1058,18.406791,16.668214,9,1,0,3,0.000,1,6682.190,709.481,6.000,6300.000,700.000,90.000,100.000,58,-1.000,-1.000
1059,13.694502,16.668175,9,1,0,3,0.000,1,6682.190,709.481,6.000,6300.000,700.000,90.000,100.000,58,-1.000,-1.000
1060,16.260606,16.668055,9,1,0,3,0.000,1,6682.190,709.481,6.000,6300.000,700.000,90.000,100.000,58,-1.000,-1.000
1061,18.806210,16.667564,9,1,0,3,0.000,1,6682.190,709.481,6.000,6300.000,700.000,90.000,100.000,58,-1.000,-1.000
1062,18.278049,16.667625,9,1,0,3,0.000,1,6682.190,709.481,6.000,6300.000,700.000,90.000,100.000,58,-1.000,-1.000
1063,15.462690,16.667696,9,1,0,3,0.000,1,6682.190,709.481,6.000,6300.000,700.000,90.000,100.000,58,-1.000,-1.000
1064,18.226487,16.667414,9,1,0,3,0.000,1,6682.190,709.481,6.000,6300.000,700.000,90.000,100.000,58,-1.000,-1.000
1065,16.119333,16.667995,9,1,0,3,0.000,1,6682.190,709.481,6.000,6300.000,700.000,90.000,100.000,58,-1.000,-1.000
1066,16.371338,16.667925,9,1,0,3,0.000,1,6682.190,709.481,6.000,6300.000,700.000,90.000,100.000,58,-1.000,-1.000
1067,16.346309,16.667604,9,1,0,3,0.000,1,6682.190,709.481,6.000,6300.000,700.000,90.000,100.000,58,-1.000,-1.000
1068,18.260668,16.667455,9,1,0,3,0.000,1,6682.190,709.481,6.000,6300.000,700.000,90.000,100.000,58,-1.000,-1.000
1069,15.835008,16.667325,9,1,0,3,0.000,1,6682.190,709.481,6.000,6300.000,700.000,90.000,100.000,58,-1.000,-1.000
1070,16.815997,16.668134,9,1,0,3,0.000,1,6682.190,709.481,6.000,6300.000,700.000,90.000,100.000,58,-1.000,-1.000
1071,15.589472,16.666995,9,1,0,3,0.000,1,6682.190,709.481,6.000,6300.000,700.000,90.000,100.000,58,-1.000,-1.000
1072,15.736765,16.683255,9,1,0,3,0.000,1,6682.190,709.481,6.000,6300.000,700.000,90.000,100.000,58,-1.000,-1.000
1073,17.010102,16.668175,9,1,0,3,0.000,1,6682.190,709.481,6.000,6300.000,700.000,90.000,100.000,58,-1.000,-1.000
1074,15.930989,16.668475,9,1,0,3,0.000,1,6682.190,709.481,6.000,6300.000,700.000,90.000,100.000,58,-1.000,-1.000
1075,16.496751,16.668155,9,1,0,3,0.000,1,6682.190,709.481,6.000,6300.000,700.000,90.000,100.000,58,-1.000,-1.000
1076,18.710398,16.667394,9,1,0,3,0.000,1,6682.190,709.481,6.000,6300.000,700.000,90.000,100.000,58,-1.000,-1.000
1077,16.348008,16.667665,9,1,0,3,0.000,1,6682.190,709.481,6.000,6300.000,700.000,90.000,100.000,58,-1.000,-1.000
1078,15.267495,16.667785,9,1,0,3,0.000,1,6682.190,709.481,6.000,6300.000,700.000,90.000,100.000,58,-1.000,-1.000
1079,16.997232,16.668054,9,1,0,3,0.000,1,6682.190,709.481,6.000,6300.000,700.000,90.000,100.000,58,-1.000,-1.000
1080,18.298119,16.667655,9,1,0,3,0.000,1,6682.190,709.481,6.000,6300.000,700.000,90.000,100.000,58,-1.000,-1.000
1081,14.947219,16.668165,9,1,0,3,0.000,1,6682.190,709.481,6.000,6300.000,700.000,90.000,100.000,58,-1.000,-1.000
1082,18.771699,16.667404,9,1,0,3,0.000,1,6682.190,709.481,6.000,6300.000,700.000,90.000,100.000,58,-1.000,-1.000
1083,16.354528,16.667725,9,1,0,3,0.000,1,6682.190,709.481,6.000,6300.000,700.000,90.000,100.000,58,-1.000,-1.000
1084,14.588650,16.668215,9,1,0,3,0.000,1,6682.190,709.481,6.000,6300.000,700.000,90.000,100.000,58,-1.000,-1.000
1085,16.601054,16.668374,9,1,0,3,0.000,1,6682.190,709.481,6.000,6300.000,700.000,90.000,100.000,58,-1.000,-1.000
1086,16.545382,16.668215,9,1,0,3,0.000,1,6682.190,709.481,6.000,6300.000,700.000,90.000,100.000,58,-1.000,-1.000
1087,19.138247,16.667965,9,1,0,3,0.000,1,6682.190,709.481,6.000,6300.000,700.000,90.000,100.000,58,-1.000,-1.000
1088,14.918728,16.667965,10,1,0,3,0.000,1,6682.190,709.481,6.000,6300.000,700.000,90.000,100.000,58,-1.000,-1.000
1089,18.757328,16.668525,10,1,0,3,0.000,1,6682.190,709.481,6.000,6300.667,700.000,90.000,100.000,58,-1.000,-1.000
1090,15.862518,16.667725,10,1,0,3,0.000,1,6682.190,709.481,6.000,6302.000,700.000,90.000,100.000,58,-1.000,-1.000
1091,16.982742,16.667704,10,1,0,3,0.000,1,6682.190,709.481,6.000,6304.001,700.000,90.000,100.000,58,-1.000,-1.000
1092,16.460410,16.668015,10,1,0,3,0.000,1,6682.190,709.481,6.000,6306.668,700.000,90.000,100.000,58,-1.000,-1.000
1093,16.370508,16.667335,10,1,0,3,0.000,1,6682.190,709.481,6.000,6310.001,700.000,90.000,100.000,58,-1.000,-1.000
1094,17.381380,16.668064,10,1,0,3,0.000,1,6682.190,709.481,6.000,6314.002,700.000,90.000,100.000,58,-1.000,-1.000
1095,16.466661,16.667965,10,1,0,3,0.000,1,6682.190,709.481,6.000,6318.669,700.000,90.000,100.000,58,-1.000,-1.000
1096,16.440250,16.668105,10,1,0,3,0.000,1,6682.190,709.481,6.000,6324.004,700.000,90.000,100.000,58,-1.000,-1.000
1097,13.567129,16.667904,10,1,0,3,0.000,1,6682.190,709.481,6.000,6330.005,700.000,90.000,100.000,58,-1.000,-1.000
1098,17.110944,16.667965,10,1,0,3,0.000,1,6682.190,709.481,6.000,6336.672,700.000,90.000,100.000,58,-1.000,-1.000
1099,18.466362,16.667095,10,1,0,3,0.000,1,6682.190,709.481,6.000,6344.006,700.000,90.000,100.000,58,-1.000,-1.000
1100,17.350290,16.667774,10,1,0,3,0.000,1,6682.190,709.481,6.000,6352.007,700.000,90.000,100.000,58,-1.000,-1.000
1101,15.176013,16.667255,10,1,0,3,0.000,1,6682.190,709.481,6.000,6360.674,700.000,90.000,100.000,58,-1.000,-1.000
1102,17.888261,16.668246,10,1,0,3,0.000,1,6682.190,709.481,6.000,6369.342,700.000,90.000,100.000,58,-1.000,-1.000
1103,16.363798,16.667874,10,1,0,3,0.000,1,6682.190,709.481,6.000,6378.009,700.000,90.000,100.000,58,-1.000,-1.000
1104,13.869565,16.668155,10,1,0,3,0.000,1,6682.190,709.481,6.000,6386.677,700.000,90.000,100.000,58,-1.000,-1.000
1105,17.103284,16.667664,10,1,0,3,0.000,1,6682.190,709.481,6.000,6395.344,700.000,90.000,100.000,58,-1.000,-1.000
1106,18.761419,16.667085,10,1,0,3,0.000,1,6682.190,709.481,6.000,6404.011,700.000,90.000,100.000,58,-1.000,-1.000
1107,18.125206,16.667695,10,1,0,3,0.000,1,6682.190,709.481,6.000,6412.678,700.000,90.000,100.000,58,-1.000,-1.000
1108,15.859248,16.667254,10,1,0,3,0.000,1,6682.190,709.481,6.000,6421.345,700.000,90.000,100.000,58,-1.000,-1.000
1109,16.053021,16.667925,10,1,0,3,0.000,1,6682.190,709.481,6.000,6430.012,700.000,90.000,100.000,58,-1.000,-1.000
1110,14.388626,16.667945,10,1,0,3,0.000,1,6682.190,709.481,6.000,6438.679,700.000,90.000,100.000,58,-1.000,-1.000
1111,17.942402,16.667564,10,1,0,3,0.000,1,6682.190,709.481,6.000,6447.347,700.000,90.000,100.000,58,-1.000,-1.000
1112,18.697628,16.667115,10,1,0,3,0.000,1,6682.190,709.481,6.000,6456.013,700.000,90.000,100.000,58,-1.000,-1.000
1113,15.906989,16.667955,10,1,0,3,0.000,1,6682.190,709.481,6.000,6464.681,700.000,90.000,100.000,58,-1.000,-1.000
1114,17.054203,16.668254,10,1,0,3,0.000,1,6682.190,709.481,6.000,6473.348,700.000,90.000,100.000,58,-1.000,-1.000
1115,16.080242,16.667755,10,1,0,3,0.000,1,6682.190,709.481,6.000,6482.016,700.000,90.000,100.000,58,-1.000,-1.000
1116,14.015988,16.667445,10,1,0,3,0.000,1,6682.190,709.481,6.000,6490.683,700.000,90.000,100.000,58,-1.000,-1.000
1117,17.686537,16.667605,10,1,0,3,0.000,1,6682.190,709.481,6.000,6499.350,700.000,90.000,100.000,58,-1.000,-1.000
1118,15.326056,16.667745,10,1,0,3,0.000,1,6682.190,709.481,6.000,6508.017,700.000,90.000,100.000,58,-1.000,-1.000
1119,18.720899,16.667815,10,1,0,3,0.000,1,6682.190,709.481,6.000,6516.684,700.000,90.000,100.000,58,-1.000,-1.000
1120,17.645404,16.667684,10,1,0,3,0.000,1,6682.190,709.481,6.000,6525.351,700.000,90.000,100.000,58,-1.000,-1.000
1121,13.683302,16.668295,10,1,0,3,0.000,1,6682.190,709.481,6.000,6534.019,700.000,90.000,100.000,58,-1.000,-1.000
1122,17.919032,16.667205,10,1,0,3,0.000,1,6682.190,709.481,6.000,6542.686,700.000,90.000,100.000,58,-1.000,-1.000
1123,16.782827,16.667864,10,1,0,3,0.000,1,6682.190,709.481,6.000,6551.353,700.000,90.000,100.000,58,-1.000,-1.000
1124,17.520672,16.668315,10,1,0,3,0.000,1,6682.190,709.481,6.000,6560.021,700.000,90.000,100.000,58,-1.000,-1.000
1125,15.949800,16.667515,10,1,0,3,0.000,1,6682.190,709.481,6.000,6568.688,700.000,90.000,100.000,58,-1.000,-1.000
1126,18.300089,16.667524,10,1,0,3,0.000,1,6682.190,709.481,6.000,6577.355,700.000,90.000,100.000,58,-1.000,-1.000
1127,13.763483,16.668265,10,1,0,3,0.000,1,6682.190,709.481,6.000,6586.022,700.000,90.000,100.000,58,-1.000,-1.000
1128,16.651135,16.667125,10,1,0,3,0.000,1,6682.190,709.481,6.000,6594.689,700.000,90.000,100.000,58,-1.000,-1.000
1129,18.662427,16.668304,10,1,0,3,0.000,1,6682.190,709.481,6.000,6603.357,700.000,90.000,100.000,58,-1.000,-1.000
1130,16.036372,16.667755,10,1,0,3,0.000,1,6682.190,709.481,6.000,6612.024,700.000,90.000,100.000,58,-1.000,-1.000
1131,17.359429,16.668245,10,1,0,3,0.000,1,6682.190,709.481,6.000,6620.692,700.000,90.000,100.000,58,-1.000,-1.000
1132,16.796307,16.668005,10,1,0,3,0.000,1,6682.190,709.481,6.000,6629.359,700.000,90.000,100.000,58,-1.000,-1.000
1133,15.549151,16.668135,10,1,0,3,0.000,1,6682.190,709.481,6.000,6638.026,700.000,90.000,100.000,58,-1.000,-1.000
1134,17.692297,16.667905,10,1,0,3,0.000,1,6682.190,709.481,6.000,6646.694,700.000,90.000,100.000,58,-1.000,-1.000
1135,17.109194,16.667774,10,1,0,3,0.000,1,6682.190,709.481,6.000,6655.361,700.000,90.000,100.000,58,-1.000,-1.000
1136,14.006288,16.667685,10,1,0,3,0.000,1,6682.190,709.481,6.000,6664.028,700.000,90.000,100.000,58,-1.000,-1.000
1137,17.771168,16.667995,10,1,0,3,0.000,1,6682.190,709.481,6.000,6672.696,700.000,90.000,100.000,58,-1.000,-1.000
1138,17.270337,16.667084,10,1,0,3,0.000,1,6682.190,709.481,6.000,6681.362,700.000,90.000,97.000,58,-1.000,-1.000
1139,16.555443,16.668095,10,1,0,3,0.000,1,6682.190,709.481,6.000,6690.030,700.000,90.000,97.000,58,-1.000,-1.000
1140,17.367689,16.667195,10,1,0,3,0.000,1,6682.190,709.481,6.000,6698.697,700.000,90.000,97.000,58,-1.000,-1.000
1141,16.079013,16.667624,10,1,0,3,0.000,1,6682.190,709.481,6.000,6707.364,700.000,90.000,97.000,58,-1.000,-1.000
1142,18.885972,16.667945,11,1,0,3,0.000,1,6682.190,709.481,6.000,6716.031,700.000,90.000,97.000,58,-1.000,-1.000
1143,15.969730,16.668185,11,1,0,3,0.000,1,6682.190,709.481,6.000,6770.000,700.000,90.000,97.000,58,-1.000,-1.000
1144,13.583868,16.668044,11,1,0,3,0.000,1,6682.190,709.481,6.000,6770.000,700.000,90.000,97.000,58,-1.000,-1.000
1145,17.996383,16.667645,11,1,0,3,0.000,1,6682.190,709.481,6.000,6770.000,700.000,90.000,97.000,58,-1.000,-1.000
1146,17.286399,16.667015,11,1,0,3,0.000,1,6682.190,709.481,6.000,6770.000,700.000,90.000,97.000,58,-1.000,-1.000
1147,16.866169,16.668265,11,1,0,3,0.000,1,6682.190,709.481,6.000,6770.000,700.000,90.000,97.000,58,-1.000,-1.000
1148,16.531201,16.666985,11,1,0,3,0.000,1,6682.190,709.481,6.000,6770.000,700.000,90.000,97.000,58,-1.000,-1.000
1149,16.718436,16.668065,11,1,0,3,0.000,1,6682.190,709.481,6.000,6770.000,700.000,90.000,97.000,58,-1.000,-1.000
1150,17.292648,16.667514,11,1,0,3,0.000,1,6682.190,709.481,6.000,6770.000,700.000,90.000,97.000,58,-1.000,-1.000
1151,15.572442,16.667375,11,1,0,3,0.000,1,6682.190,709.481,6.000,6770.000,700.000,90.000,97.000,58,-1.000,-1.000
1152,18.053894,16.667065,11,1,0,3,0.000,1,6682.190,709.481,6.000,6770.000,700.000,90.000,97.000,58,-1.000,-1.000
1153,16.305877,16.667424,11,1,0,3,0.000,1,6682.190,709.481,6.000,6770.000,700.000,90.000,94.000,58,-1.000,-1.000
1154,13.964937,16.667835,11,1,0,3,0.000,1,6682.190,709.481,6.000,6770.000,700.000,90.000,94.000,58,-1.000,-1.000
1155,17.761458,16.667355,11,1,0,3,0.000,1,6682.190,709.481,6.000,6770.000,700.000,90.000,94.000,58,-1.000,-1.000
1156,18.977704,16.667004,11,1,0,3,0.000,1,6682.190,709.481,6.000,6770.000,700.000,90.000,94.000,58,-1.000,-1.000
1157,15.523290,16.667545,11,1,0,3,0.000,1,6682.190,709.481,6.000,6770.000,700.000,90.000,94.000,58,-1.000,-1.000
1158,16.195304,16.668245,11,1,0,3,0.000,1,6682.190,709.481,6.000,6770.000,700.000,90.000,94.000,58,-1.000,-1.000
1159,17.693707,16.668174,11,1,0,3,0.000,1,6682.190,709.481,6.000,6770.000,700.000,90.000,94.000,58,-1.000,-1.000
1160,15.193594,16.667275,11,1,0,3,0.000,1,6682.190,709.481,6.000,6770.000,700.000,90.000,94.000,58,-1.000,-1.000
1161,17.282958,16.667305,11,1,0,3,0.000,1,6682.190,709.481,6.000,6770.000,700.000,90.000,94.000,58,-1.000,-1.000
1162,15.860937,16.667294,11,1,0,3,0.000,1,6682.190,709.481,6.000,6770.000,700.000,90.000,94.000,58,-1.000,-1.000
1163,17.503553,16.668516,11,1,0,3,0.000,1,6682.190,709.481,6.000,6770.000,700.000,90.000,94.000,58,-1.000,-1.000
1164,16.504181,16.667125,11,1,0,3,0.000,1,6682.190,709.481,6.000,6770.000,700.000,90.000,94.000,58,-1.000,-1.000
1165,17.018182,16.667664,11,1,0,3,0.000,1,6682.190,709.481,6.000,6770.000,700.000,90.000,94.000,58,-1.000,-1.000
1166,16.317478,16.668165,11,1,0,3,0.000,1,6682.190,709.481,6.000,6770.000,700.000,90.000,94.000,58,-1.000,-1.000
1167,17.545233,16.667825,11,1,0,3,0.000,1,6682.190,709.481,6.000,6770.000,700.000,90.000,94.000,58,-1.000,-1.000
1168,14.420527,16.667214,11,1,0,3,0.000,1,6682.190,709.481,6.000,6770.000,700.000,90.000,90.999,58,-1.000,-1.000
1169,16.137143,16.667695,11,1,0,3,0.000,1,6682.190,709.481,6.000,6770.000,700.000,90.000,90.999,58,-1.000,-1.000
1170,18.494584,16.668165,11,1,0,3,0.000,1,6682.190,709.481,6.000,6770.000,700.000,90.000,90.999,58,-1.000,-1.000
1171,16.421250,16.667814,11,1,0,3,0.000,1,6682.190,709.481,6.000,6770.000,700.000,90.000,90.999,58,-1.000,-1.000
1172,16.977381,16.667135,11,1,0,3,0.000,1,6682.190,709.481,6.000,6770.000,700.000,90.000,90.999,58,-1.000,-1.000
1173,17.277547,16.667874,11,1,0,3,0.000,1,6682.190,709.481,6.000,6770.000,700.000,90.000,90.999,58,-1.000,-1.000
1174,14.192022,16.667375,11,1,0,3,0.000,1,6682.190,709.481,6.000,6770.000,700.000,90.000,90.999,58,-1.000,-1.000
1175,19.049606,16.667155,11,1,0,3,0.000,1,6682.190,709.481,6.000,6770.000,700.000,90.000,90.999,58,-1.000,-1.000
1176,16.425510,16.667344,11,1,0,3,0.000,1,6682.190,709.481,6.000,6770.000,700.000,90.000,90.999,58,-1.000,-1.000
1177,14.650971,16.667575,11,1,0,3,0.000,1,6682.190,709.481,6.000,6770.000,700.000,90.000,90.999,58,-1.000,-1.000
1178,18.264359,16.667206,11,1,0,3,0.000,1,6682.190,709.481,6.000,6770.000,700.000,90.000,90.999,58,-1.000,-1.000
1179,15.070831,16.667934,11,1,0,3,0.000,1,6682.190,709.481,6.000,6770.000,700.000,90.000,90.999,58,-1.000,-1.000
1180,18.025354,16.667845,11,1,0,3,0.000,1,6682.190,709.481,6.000,6770.000,700.000,90.000,90.999,58,-1.000,-1.000
1181,16.749725,16.668105,11,1,0,3,0.000,1,6682.190,709.481,6.000,6770.000,700.000,90.000,90.999,58,-1.000,-1.000
1182,17.942702,16.667584,11,1,0,3,0.000,1,6682.190,709.481,6.000,6770.000,700.000,90.000,90.999,58,-1.000,-1.000
1183,16.772247,16.667365,11,1,0,3,0.000,1,6682.190,709.481,6.000,6770.000,700.000,90.000,87.999,58,-1.000,-1.000
1184,19.231390,16.667435,12,1,0,3,0.000,1,6682.190,709.481,6.000,6770.000,700.000,90.000,87.999,58,100.000,70.000
1185,12.755081,16.667594,12,1,0,3,0.000,1,6682.190,709.481,6.000,6770.000,700.000,90.000,87.999,58,100.000,70.000
1186,15.573222,16.668225,12,1,0,3,0.000,1,6682.190,709.481,6.000,6770.000,700.000,90.000,87.999,58,100.000,70.000
1187,17.817948,16.667115,12,1,0,3,0.000,1,6682.190,709.481,6.000,6770.000,700.000,90.000,87.999,58,100.000,70.000
1188,17.301779,16.679994,12,1,0,3,0.000,1,6682.190,709.481,6.000,6770.000,700.000,90.000,87.999,58,100.000,70.000
1189,17.820290,16.667946,12,1,0,3,0.000,1,6682.190,709.481,6.000,6770.000,700.000,90.000,87.999,58,100.000,70.000
1190,15.530800,16.667305,12,1,0,3,0.000,1,6682.190,709.481,6.000,6770.000,700.000,90.000,87.999,58,100.000,70.000
1191,18.194487,16.668074,12,1,0,3,0.000,1,6682.190,709.481,6.000,6770.000,700.000,90.000,87.999,58,100.000,70.000
1192,14.772415,16.667435,12,1,0,3,0.000,1,6682.190,709.481,6.000,6770.000,700.000,90.000,87.999,58,100.000,70.000
1193,18.621766,16.667655,12,1,0,3,0.000,1,6682.190,709.481,6.000,6770.000,700.000,90.000,87.999,58,100.000,70.000
1194,12.882364,16.667014,12,1,0,3,0.000,1,6682.190,709.481,6.000,6770.000,700.000,90.000,87.999,58,100.000,70.000
1195,20.233031,16.668135,12,1,0,3,0.000,1,6682.190,709.481,6.000,6770.000,700.000,90.000,87.999,58,100.000,70.000
1196,13.254852,16.667845,12,1,0,3,0.000,1,6682.190,709.481,6.000,6770.000,700.000,90.000,87.999,58,100.000,70.000
1197,21.137059,16.667204,12,1,0,3,0.000,1,6682.190,709.481,6.000,6770.000,700.000,90.000,87.999,58,100.000,70.000
1198,17.419411,16.667575,12,1,0,3,0.000,1,6682.190,709.481,6.000,6770.000,700.000,90.000,84.999,58,100.000,70.000
1199,22.244474,16.699156,12,1,0,3,0.000,1,6682.190,709.481,6.000,6770.000,700.000,90.000,84.999,58,96.999,66.999
1200,158.968203,17.165085,12,1,0,3,0.000,1,6682.190,709.481,6.000,6770.000,700.000,90.000,84.999,58,96.999,66.999
1201,16.455010,156.003070,12,1,0,3,0.000,1,6682.190,709.481,6.000,6770.000,700.000,90.000,84.999,58,96.999,66.999
1202,17.001272,16.667274,12,1,0,3,0.000,1,6682.190,709.481,6.000,6770.000,700.000,90.000,84.999,58,96.999,66.999
1203,80.463743,16.749227,12,1,0,3,0.000,1,6682.190,709.481,6.000,6770.000,700.000,90.000,84.999,58,96.999,66.999
1204,17.619274,80.474803,12,1,0,3,0.000,1,6682.190,709.481,6.000,6770.000,700.000,90.000,81.354,58,93.555,63.555
1205,17.608255,17.608884,12,1,0,3,0.000,1,6682.190,709.481,6.000,6770.000,700.000,90.000,81.354,58,93.555,63.555
1206,127.597705,17.587935,12,1,0,3,0.000,1,6682.190,709.481,6.000,6770.000,700.000,90.000,81.354,58,93.555,63.555
1207,18.265230,127.645416,12,1,0,3,0.000,1,6682.190,709.481,6.000,6770.000,700.000,90.000,81.354,58,93.555,63.555
1208,17.476101,18.217179,12,1,0,3,0.000,1,6682.190,709.481,6.000,6770.000,700.000,90.000,81.354,58,93.555,63.555
1209,17.296608,17.466751,12,1,0,3,0.000,1,6682.190,709.481,6.000,6770.000,700.000,90.000,81.354,58,93.555,63.555
1210,17.568925,17.291838,12,1,0,3,0.000,1,6682.190,709.481,6.000,6770.000,700.000,90.000,81.354,58,93.555,63.555
1211,18.242538,17.566484,12,1,0,3,0.000,1,6682.190,709.481,6.000,6770.000,700.000,90.000,81.354,58,93.555,63.555
1212,17.959622,18.237988,12,1,0,3,0.000,1,6682.190,709.481,6.000,6770.000,700.000,90.000,78.334,58,90.535,60.535
1213,18.474554,17.989753,12,1,0,3,0.000,1,6682.190,709.481,6.000,6770.000,700.000,90.000,78.334,58,90.535,60.535
1214,16.705344,18.450843,12,1,0,3,0.000,1,6682.190,709.481,6.000,6770.000,700.000,90.000,78.334,58,90.535,60.535
1215,16.836459,16.707435,12,1,0,3,0.000,1,6682.190,709.481,6.000,6770.000,700.000,90.000,78.334,58,90.535,60.535
1216,23.136982,17.073103,12,1,0,3,0.000,1,6682.190,709.481,6.000,6770.000,700.000,90.000,78.334,58,90.535,60.535
1217,16.159874,23.077591,12,1,0,3,0.000,1,6682.190,709.481,6.000,6770.000,700.000,90.000,78.334,58,90.535,60.535
1218,17.453702,16.763367,12,1,0,3,0.000,1,6682.190,709.481,6.000,6770.000,700.000,90.000,78.334,58,90.535,60.535
1219,19.941044,16.767057,12,1,0,3,0.000,1,6682.190,709.481,6.000,6770.000,700.000,90.000,78.334,58,90.535,60.535
1220,21.197311,20.044917,12,1,0,3,0.000,1,6682.190,709.481,6.000,6770.000,700.000,90.000,78.334,58,90.535,60.535
1221,17.355209,21.163450,12,1,0,3,0.000,1,6682.190,709.481,6.000,6770.000,700.000,90.000,78.334,58,90.535,60.535
1222,16.305368,17.352520,12,1,0,3,0.000,1,6682.190,709.481,6.000,6770.000,700.000,90.000,78.334,58,90.535,60.535
1223,16.087192,16.668184,12,1,0,3,0.000,1,6682.190,709.481,6.000,6770.000,700.000,90.000,78.334,58,90.535,60.535
1224,15.762645,16.668575,12,1,0,3,0.000,1,6682.190,709.481,6.000,6770.000,700.000,90.000,78.334,58,90.535,60.535
1225,16.303328,16.667685,12,1,0,3,0.000,1,6682.190,709.481,6.000,6770.000,700.000,90.000,78.334,58,90.535,60.535
1226,15.172752,16.668664,12,1,0,3,0.000,1,6682.190,709.481,6.000,6770.000,700.000,90.000,75.310,58,87.510,57.510
1227,16.020581,16.668795,12,1,0,3,0.000,1,6682.190,709.481,6.000,6770.000,700.000,90.000,75.310,58,87.510,57.510
1228,15.534950,16.669076,12,1,0,3,0.000,1,6682.190,709.481,6.000,6770.000,700.000,90.000,75.310,58,87.510,57.510
1229,16.525283,16.668604,12,1,0,3,0.000,1,6682.190,709.481,6.000,6770.000,700.000,90.000,75.310,58,87.510,57.510
1230,15.457808,16.668685,12,1,0,3,0.000,1,6682.190,709.481,6.000,6770.000,700.000,90.000,75.310,58,87.510,57.510
1231,15.366808,16.667265,12,1,0,3,0.000,1,6682.190,709.481,6.000,6770.000,700.000,90.000,75.310,58,87.510,57.510
1232,15.192973,16.668914,12,1,0,3,0.000,1,6682.190,709.481,6.000,6770.000,700.000,90.000,75.310,58,87.510,57.510
1233,18.565405,16.668355,12,1,0,3,0.000,1,6682.190,709.481,6.000,6770.000,700.000,90.000,75.310,58,87.510,57.510
1234,15.642033,16.668324,12,1,0,3,0.000,1,6682.190,709.481,6.000,6770.000,700.000,90.000,75.310,58,87.510,57.510
1235,17.317938,16.667745,12,1,0,3,0.000,1,6682.190,709.481,6.000,6770.000,700.000,90.000,75.310,58,87.510,57.510
1236,13.356745,16.858379,12,1,0,3,0.000,1,6682.190,709.481,6.000,6770.000,700.000,90.000,75.310,58,87.510,57.510
1237,15.111402,16.667165,12,1,0,3,0.000,1,6682.190,709.481,6.000,6770.000,700.000,90.000,75.310,58,87.510,57.510
1238,16.671365,16.777706,12,1,0,3,0.000,1,6682.190,709.481,6.000,6770.000,700.000,90.000,75.310,58,87.510,57.510
1239,16.410448,16.667645,12,1,0,3,0.000,1,6682.190,709.481,6.000,6770.000,700.000,90.000,75.310,58,87.510,57.510
1240,17.419071,16.668265,12,1,0,3,0.000,1,6682.190,709.481,6.000,6770.000,700.000,90.000,75.310,58,87.510,57.510
1241,17.497703,16.668125,12,1,0,3,0.000,1,6682.190,709.481,6.000,6770.000,700.000,90.000,72.306,58,84.506,54.506
1242,15.856847,16.668185,12,1,0,3,0.000,1,6682.190,709.481,6.000,6770.000,700.000,90.000,72.306,58,84.506,54.506
1243,16.469200,16.668265,12,1,0,3,0.000,1,6682.190,709.481,6.000,6770.000,700.000,90.000,72.306,58,84.506,54.506
1244,17.016713,16.668084,12,1,0,3,0.000,1,6682.190,709.481,6.000,6770.000,700.000,90.000,72.306,58,84.506,54.506
1245,17.931421,16.668025,12,1,0,3,0.000,1,6682.190,709.481,6.000,6770.000,700.000,90.000,72.306,58,84.506,54.506
1246,17.188056,16.667335,12,1,0,3,0.000,1,6682.190,709.481,6.000,6770.000,700.000,90.000,72.306,58,84.506,54.506
1247,15.556591,16.667344,12,1,0,3,0.000,1,6682.190,709.481,6.000,6770.000,700.000,90.000,72.306,58,84.506,54.506
1248,18.680088,16.992242,12,1,0,3,0.000,1,6682.190,709.481,6.000,6770.000,700.000,90.000,72.306,58,84.506,54.506
1249,14.544559,16.667725,12,1,0,3,0.000,1,6682.190,709.481,6.000,6770.000,700.000,90.000,72.306,58,84.506,54.506
1250,16.731507,16.667065,12,1,0,3,0.000,1,6682.190,709.481,6.000,6770.000,700.000,90.000,72.306,58,84.506,54.506
1251,16.488980,16.667394,12,1,0,3,0.000,1,6682.190,709.481,6.000,6770.000,700.000,90.000,72.306,58,84.506,54.506
1252,16.745047,16.667195,12,1,0,3,0.000,1,6682.190,709.481,6.000,6770.000,700.000,90.000,72.306,58,84.506,54.506
1253,16.455889,16.667075,12,1,0,3,0.000,1,6682.190,709.481,6.000,6770.000,700.000,90.000,72.306,58,84.506,54.506
1254,16.736677,16.667354,28,1,0,3,0.000,1,6682.190,709.481,6.000,6770.000,700.000,90.000,72.306,58,84.506,54.506
1255,164.873759,16.798538,28,1,0,3,0.000,1,6682.190,709.481,6.000,6770.000,700.000,90.000,72.306,58,84.506,54.506
1256,6.901587,152.120667,28,1,0,3,0.000,1,6682.190,709.481,6.000,6770.000,700.000,90.000,67.675,58,79.875,49.875
1257,13.176930,16.668065,28,1,0,3,0.000,1,6682.190,709.481,6.000,6770.000,700.000,90.000,67.675,58,79.875,49.875
1258,16.905820,16.667245,28,1,0,3,0.000,1,6682.190,709.481,6.000,6770.000,700.000,90.000,67.675,58,79.875,49.875
1259,16.732197,16.667114,28,1,0,3,0.000,1,6682.190,709.481,6.000,6770.000,700.000,90.000,67.675,58,79.875,49.875
1260,16.732155,16.667875,28,1,0,3,0.000,1,6682.190,709.481,6.000,6770.000,700.000,90.000,67.675,58,79.875,49.875
1261,17.575244,16.667545,28,1,0,3,0.000,1,6682.190,709.481,6.000,6770.000,700.000,90.000,67.675,58,79.875,49.875
1262,16.074142,16.667095,28,1,0,3,0.000,1,6682.190,709.481,6.000,6770.000,700.000,90.000,67.675,58,79.875,49.875
1263,17.230737,16.667235,28,1,0,3,0.000,1,6682.190,709.481,6.000,6770.000,700.000,90.000,67.675,58,79.875,49.875
1264,17.759798,17.248146,28,1,0,3,0.000,1,6682.190,709.481,6.000,6770.000,700.000,90.000,67.675,58,79.875,49.875
1265,16.539403,16.668395,28,1,0,3,0.000,1,6682.190,709.481,6.000,6770.000,700.000,90.000,67.675,58,79.875,49.875
1266,16.193994,16.668415,28,1,0,3,0.000,1,6682.190,709.481,6.000,6770.000,700.000,90.000,67.675,58,79.875,49.875
1267,16.595023,16.667185,28,1,0,3,0.000,1,6682.190,709.481,6.000,6770.000,700.000,90.000,67.675,58,79.875,49.875
1268,16.809538,16.667105,28,1,0,3,0.000,1,6682.190,709.481,6.000,6770.000,700.000,90.000,67.675,58,79.875,49.875
1269,16.680775,16.668554,28,1,0,3,0.000,1,6682.190,709.481,6.000,6770.000,700.000,90.000,67.675,58,79.875,49.875
1270,16.130873,16.667555,28,1,0,3,0.000,1,6682.190,709.481,6.000,6770.000,700.000,90.000,67.675,58,79.875,49.875
1271,16.370908,16.667225,28,1,0,3,0.000,1,6682.190,709.481,6.000,6770.000,700.000,90.000,64.668,58,76.868,46.868
1272,17.069583,16.667724,28,1,0,3,0.000,1,6682.190,709.481,6.000,6770.000,700.000,90.000,64.668,58,76.868,46.868
1273,16.822809,16.667355,28,1,0,3,0.000,1,6682.190,709.481,6.000,6770.000,700.000,90.000,64.668,58,76.868,46.868
1274,16.720456,16.667275,28,1,0,3,0.000,1,6682.190,709.481,6.000,6770.000,700.000,90.000,64.668,58,76.868,46.868
1275,16.948170,16.669544,28,1,0,3,0.000,1,6682.190,709.481,6.000,6770.000,700.000,90.000,64.668,58,76.868,46.868
1276,17.617815,16.668875,13,1,0,3,0.000,1,6682.190,709.481,6.000,6770.000,700.000,90.000,64.668,58,76.868,46.868
1277,15.160943,16.667195,13,1,0,3,0.000,1,6682.190,709.481,6.000,6140.000,390.000,90.000,64.668,58,76.868,46.868
1278,15.161893,16.666934,13,1,0,3,0.000,1,6682.190,709.481,6.000,6140.000,390.000,90.000,64.668,58,76.868,46.868
1279,16.644493,16.667465,13,1,0,3,0.000,1,6682.190,709.481,6.000,6140.000,390.000,90.000,64.668,58,76.868,46.868
1280,16.346699,16.667115,13,1,0,3,0.000,1,6682.190,709.481,6.000,6140.000,390.000,90.000,64.668,58,76.868,46.868
1281,16.648294,16.667235,13,1,0,3,0.000,1,6682.190,709.481,6.000,6140.000,390.000,90.000,64.668,58,76.868,46.868
1282,16.578183,16.667345,13,1,0,3,0.000,1,6682.190,709.481,6.000,6140.000,390.000,90.000,64.668,58,76.868,46.868
1283,16.773077,16.667635,13,1,0,3,0.000,1,6682.190,709.481,6.000,6140.000,390.000,90.000,64.668,58,76.868,46.868
1284,17.387510,16.667124,13,1,0,3,0.000,1,6682.190,709.481,6.000,6140.000,390.000,90.000,64.668,58,76.868,46.868
1285,16.545262,16.668155,13,1,0,3,0.000,1,6682.190,709.481,6.000,6140.000,390.000,90.000,64.668,58,76.868,46.868
1286,16.790317,16.667155,13,1,0,3,0.000,1,6682.190,709.481,6.000,6140.000,390.000,90.000,64.668,58,73.868,43.868
1287,17.585985,16.668834,13,1,0,3,0.000,1,6682.190,709.481,6.000,6140.000,390.000,90.000,64.668,58,73.868,43.868
1288,16.517222,16.668415,13,1,0,3,0.000,1,6682.190,709.481,6.000,6140.000,390.000,90.000,64.668,58,73.868,43.868
1289,16.690904,16.668475,13,1,0,3,0.000,1,6682.190,709.481,6.000,6140.000,390.000,90.000,64.668,58,73.868,43.868
1290,16.739267,16.668554,13,1,0,3,0.000,1,6682.190,709.481,6.000,6140.000,390.000,90.000,64.668,58,73.868,43.868
1291,16.563883,16.668205,13,1,0,3,0.000,1,6682.190,709.481,6.000,6140.000,390.000,90.000,64.668,58,73.868,43.868
1292,16.772866,16.667125,13,1,0,3,0.000,1,6682.190,709.481,6.000,6140.000,390.000,90.000,64.668,58,73.868,43.868
1293,16.606374,16.667754,13,1,0,3,0.000,1,6682.190,709.481,6.000,6140.000,390.000,90.000,64.668,58,73.868,43.868
1294,16.609513,16.667915,13,1,0,3,0.000,1,6682.190,709.481,6.000,6140.000,390.000,90.000,64.668,58,73.868,43.868
1295,16.489471,16.667806,13,1,0,3,0.000,1,6682.190,709.481,6.000,6140.000,390.000,90.000,64.668,58,73.868,43.868
1296,16.766337,16.667694,13,1,0,3,0.000,1,6682.190,709.481,6.000,6140.000,390.000,90.000,64.668,58,73.868,43.868
1297,16.793148,16.667095,13,1,0,3,0.000,1,6682.190,709.481,6.000,6140.000,390.000,90.000,64.668,58,73.868,43.868
1298,16.770896,16.667445,13,1,0,3,0.000,1,6682.190,709.481,6.000,6140.000,390.000,90.000,64.668,58,73.868,43.868
1299,16.745746,16.667974,13,1,0,3,0.000,1,6682.190,709.481,6.000,6140.000,390.000,90.000,64.668,58,73.868,43.868
1300,16.338828,16.668125,13,1,0,3,0.000,1,6682.190,709.481,6.000,6140.000,390.000,90.000,64.668,58,73.868,43.868
1301,17.142245,16.668335,13,1,0,3,0.000,1,6682.190,709.481,6.000,6140.000,390.000,90.000,64.668,58,70.868,40.868
1302,16.187185,16.668294,13,1,0,3,0.000,1,6682.190,709.481,6.000,6140.000,390.000,90.000,64.668,58,70.868,40.868
1303,19.949165,16.667665,13,1,0,3,0.000,1,6682.190,709.481,6.000,6140.000,390.000,90.000,64.668,58,70.868,40.868
1304,17.620154,16.668025,13,1,0,3,0.000,1,6682.190,709.481,6.000,6140.000,390.000,90.000,64.668,58,70.868,40.868
1305,12.444245,16.667094,13,1,0,3,0.000,1,6682.190,709.481,6.000,6140.000,390.000,90.000,64.668,58,70.868,40.868
1306,16.988902,16.668155,14,1,0,3,0.000,1,6682.190,709.481,6.000,6140.000,390.000,90.000,64.668,58,70.868,40.868
1307,17.533643,16.668935,14,0,0,4,0.000,1,6682.190,709.481,6.000,6140.000,390.000,90.000,64.668,58,70.868,40.868
1308,15.646733,16.667434,14,0,0,4,0.000,1,6682.190,709.481,6.000,6140.000,390.000,90.000,64.668,58,70.868,40.868
1309,16.740746,16.667685,14,0,0,4,0.000,1,6682.190,709.481,6.000,6140.000,390.000,90.000,64.668,58,70.868,40.868
1310,16.862508,16.667186,14,0,0,4,0.000,1,6682.190,709.481,6.000,6140.000,390.000,90.000,64.668,58,70.868,40.868
1311,16.455151,16.668814,14,0,0,4,0.000,1,6682.190,709.481,6.000,6140.000,390.000,90.000,64.668,58,70.868,40.868
1312,16.690736,16.668145,15,0,0,4,0.000,1,6682.190,709.481,6.000,6140.000,390.000,90.000,64.668,58,70.868,40.868
1313,17.111534,16.668935,15,0,0,4,0.000,1,6682.190,709.481,6.000,6770.000,700.000,90.000,64.668,58,70.868,40.868
1314,16.098002,16.667744,15,0,0,4,0.000,1,6682.190,709.481,6.000,6770.000,700.000,90.000,64.668,58,70.868,40.868
1315,17.769358,16.667925,15,0,0,4,0.000,1,6682.190,709.481,6.000,6770.000,700.000,90.000,64.668,58,70.868,40.868
1316,15.751635,16.668714,15,0,0,4,0.000,1,6682.190,709.481,6.000,6770.000,700.000,90.000,64.668,58,70.868,40.868
1317,16.528113,16.667685,15,0,0,4,0.000,1,6682.190,709.481,6.000,6770.000,700.000,90.000,64.668,58,70.868,40.868
1318,16.783257,16.667195,15,0,0,4,0.000,1,6682.190,709.481,6.000,6770.000,700.000,90.000,64.668,58,70.868,40.868
1319,17.023522,16.667334,15,0,0,4,0.000,1,6682.190,709.481,6.000,6770.000,700.000,90.000,64.668,58,70.868,40.868
1320,16.553272,16.667325,15,0,0,4,0.000,1,6682.190,709.481,6.000,6770.000,700.000,90.000,64.668,58,70.868,40.868
1321,16.400460,16.667635,15,0,0,4,0.000,1,6682.190,709.481,6.000,6770.000,700.000,90.000,64.668,58,70.868,40.868
1322,17.346748,16.667514,15,0,0,4,0.000,1,6682.190,709.481,6.000,6770.000,700.000,90.000,64.668,58,70.868,40.868
1323,17.013743,16.667206,15,0,0,4,0.000,1,6682.190,709.481,6.000,6770.000,700.000,90.000,64.668,58,70.868,40.868
1324,17.282017,16.667395,15,0,0,4,0.000,1,6682.190,709.481,6.000,6770.000,700.000,90.000,64.668,58,70.868,40.868
1325,16.784898,16.667904,15,0,0,4,0.000,1,6682.190,709.481,6.000,6770.000,700.000,90.000,64.668,58,70.868,40.868
1326,16.428689,16.668935,15,0,0,4,0.000,1,6682.190,709.481,6.000,6770.000,700.000,90.000,64.668,58,70.868,40.868
1327,17.344350,16.668415,15,0,0,4,0.000,1,6682.190,709.481,6.000,6770.000,700.000,90.000,64.668,58,70.868,40.868
1328,17.304667,16.668564,15,0,0,4,0.000,1,6682.190,709.481,6.000,6770.000,700.000,90.000,64.668,58,70.868,40.868
1329,16.125504,16.667575,15,0,0,4,0.000,1,6682.190,709.481,6.000,6770.000,700.000,90.000,64.668,58,70.868,40.868
1330,16.538662,16.667175,15,0,0,4,0.000,1,6682.190,709.481,6.000,6770.000,700.000,90.000,64.668,58,70.868,40.868
1331,16.085952,16.668894,15,0,0,4,0.000,1,6682.190,709.481,6.000,6770.000,700.000,90.000,64.668,58,70.868,40.868
1332,16.253476,16.668375,15,0,0,4,0.000,1,6682.190,709.481,6.000,6770.000,700.000,90.000,64.668,58,70.868,40.868
1333,16.567363,16.667905,15,0,0,4,0.000,1,6682.190,709.481,6.000,6770.000,700.000,90.000,64.668,58,70.868,40.868
1334,17.331419,16.667894,15,0,0,4,0.000,1,6682.190,709.481,6.000,6770.000,700.000,90.000,64.668,58,70.868,40.868
1335,17.115674,16.667695,15,0,0,4,0.000,1,6682.190,709.481,6.000,6770.000,700.000,90.000,64.668,58,70.868,40.868
1336,17.405360,16.667125,15,0,0,4,0.000,1,6682.190,709.481,6.000,6770.000,700.000,90.000,64.668,58,70.868,40.868
1337,19.743420,17.079924,15,0,0,4,0.000,1,6682.190,709.481,6.000,6770.000,700.000,90.000,64.668,58,70.868,40.868
1338,15.676964,16.667014,15,0,0,4,0.000,1,6682.190,709.481,6.000,6770.000,700.000,90.000,64.668,58,70.868,40.868
1339,16.297167,16.667515,15,0,0,4,0.000,1,6682.190,709.481,6.000,6770.000,700.000,90.000,64.668,58,70.868,40.868
1340,16.398088,16.667105,15,0,0,4,0.000,1,6682.190,709.481,6.000,6770.000,700.000,90.000,64.668,58,70.868,40.868
1341,16.271767,16.667444,15,0,0,4,0.000,1,6682.190,709.481,6.000,6770.000,700.000,90.000,64.668,58,70.868,40.868
1342,17.262547,16.667735,15,0,0,4,0.000,1,6682.190,709.481,6.000,6770.000,700.000,90.000,64.668,58,70.868,40.868
1343,16.597614,16.666985,15,0,0,4,0.000,1,6682.190,709.481,6.000,6770.000,700.000,90.000,64.668,58,70.868,40.868
1344,18.030524,16.668124,15,0,0,4,0.000,1,6682.190,709.481,6.000,6770.000,700.000,90.000,64.668,58,70.868,40.868
1345,15.884317,16.667315,15,0,0,4,0.000,1,6682.190,709.481,6.000,6770.000,700.000,90.000,64.668,58,70.868,40.868
1346,16.202076,16.667365,15,0,0,4,0.000,1,6682.190,709.481,6.000,6770.000,700.000,90.000,64.668,58,70.868,40.868
1347,16.347997,16.668105,15,0,0,4,0.000,1,6682.190,709.481,6.000,6770.000,700.000,90.000,64.668,58,70.868,40.868
1348,14.958769,16.667755,15,0,0,4,0.000,1,6682.190,709.481,6.000,6770.000,700.000,90.000,64.668,58,70.868,40.868
1349,14.606841,16.667095,15,0,0,4,0.000,1,6682.190,709.481,6.000,6770.000,700.000,90.000,64.668,58,70.868,40.868
1350,16.137063,16.666954,15,0,0,4,0.000,1,6682.190,709.481,6.000,6770.000,700.000,90.000,64.668,58,70.868,40.868
1351,16.331097,16.667365,15,0,0,4,0.000,1,6682.190,709.481,6.000,6770.000,700.000,90.000,64.668,58,70.868,40.868
1352,16.299157,16.667085,15,0,0,4,0.000,1,6682.190,709.481,6.000,6770.000,700.000,90.000,64.668,58,70.868,40.868
1353,16.220556,16.667304,15,0,0,4,0.000,1,6682.190,709.481,6.000,6770.000,700.000,90.000,64.668,58,70.868,40.868
1354,16.703185,16.667515,15,0,0,4,0.000,1,6682.190,709.481,6.000,6770.000,700.000,90.000,64.668,58,70.868,40.868
1355,16.715326,16.667535,15,0,0,4,0.000,1,6682.190,709.481,6.000,6770.000,700.000,90.000,64.668,58,70.868,40.868
1356,16.926120,16.667494,15,0,0,4,0.000,1,6682.190,709.481,6.000,6770.000,700.000,90.000,64.668,58,70.868,40.868
1357,18.160836,16.668305,15,0,0,4,0.000,1,6682.190,709.481,6.000,6770.000,700.000,90.000,64.668,58,70.868,40.868
1358,16.286677,16.669005,15,0,0,4,0.000,1,6682.190,709.481,6.000,6770.000,700.000,90.000,64.668,58,70.868,40.868
1359,18.628697,16.667804,15,0,0,4,0.000,1,6682.190,709.481,6.000,6770.000,700.000,90.000,64.668,58,70.868,40.868
1360,16.187974,16.820798,15,0,0,4,0.000,1,6682.190,709.481,6.000,6770.000,700.000,90.000,64.668,58,70.868,40.868
1361,16.103323,16.668136,15,0,0,4,0.000,1,6682.190,709.481,6.000,6770.000,700.000,90.000,64.668,58,70.868,40.868
1362,16.270446,16.668794,15,0,0,4,0.000,1,6682.190,709.481,6.000,6770.000,700.000,90.000,64.668,58,70.868,40.868
1363,16.434940,16.669255,15,0,0,4,0.000,1,6682.190,709.481,6.000,6770.000,700.000,90.000,64.668,58,70.868,40.868
1364,16.942881,16.668855,15,0,0,4,0.000,1,6682.190,709.481,6.000,6770.000,700.000,90.000,64.668,58,70.868,40.868
1365,16.162563,16.667974,15,0,0,4,0.000,1,6682.190,709.481,6.000,6770.000,700.000,90.000,64.668,58,70.868,40.868
1366,16.729437,16.668805,15,0,0,4,0.000,1,6682.190,709.481,6.000,6770.000,700.000,90.000,64.668,58,70.868,40.868
1367,16.779056,16.667315,15,0,0,4,0.000,1,6682.190,709.481,6.000,6770.000,700.000,90.000,64.668,58,70.868,40.868
1368,17.444052,16.668094,15,0,0,4,0.000,1,6682.190,709.481,6.000,6770.000,700.000,90.000,64.668,58,70.868,40.868
1369,16.505751,16.795298,15,0,0,4,0.000,1,6682.190,709.481,6.000,6770.000,700.000,90.000,64.668,58,70.868,40.868
1370,17.525043,16.667895,15,0,0,4,0.000,1,6682.190,709.481,6.000,6770.000,700.000,90.000,64.668,58,70.868,40.868
1371,16.470190,16.694245,15,0,0,4,0.000,1,6682.190,709.481,6.000,6770.000,700.000,90.000,64.668,58,70.868,40.868
1372,15.983230,16.667495,16,0,0,4,0.000,1,6682.190,709.481,6.000,6770.000,700.000,90.000,64.668,58,70.868,40.868
1373,16.066612,16.667375,16,0,0,4,0.000,1,6682.190,709.481,6.000,6770.000,700.000,90.000,64.668,58,70.868,40.868
1374,17.029913,16.667555,16,0,0,4,0.000,1,6682.190,709.481,6.000,6770.000,700.000,90.000,64.668,58,70.868,40.868
1375,16.197505,16.668944,16,0,0,4,0.000,1,6682.190,709.481,6.000,6770.000,700.000,90.000,64.668,58,70.868,40.868
1376,17.062983,16.668865,16,0,0,4,0.000,1,6682.190,709.481,6.000,6770.000,700.000,90.000,64.668,58,70.868,40.868
1377,16.406859,16.668715,16,0,0,4,0.000,1,6682.190,709.481,6.000,6770.000,700.000,90.000,64.668,58,70.868,40.868
1378,16.493562,16.668504,16,0,0,4,0.000,1,6682.190,709.481,6.000,6770.000,700.000,90.000,64.668,58,70.868,40.868
1379,16.822477,16.668955,16,0,0,4,0.000,1,6682.190,709.481,6.000,6770.000,700.000,90.000,64.668,58,70.868,40.868
1380,16.725506,16.667655,16,0,0,4,0.000,1,6682.190,709.481,6.000,6770.000,700.000,90.000,64.668,58,70.868,40.868
1381,16.857849,16.667844,16,0,0,4,0.000,1,6682.190,709.481,6.000,6770.000,700.000,90.000,64.668,58,70.868,40.868
1382,16.442839,16.668835,16,0,0,4,0.000,1,6682.190,709.481,6.000,6770.000,700.000,90.000,64.668,58,70.868,40.868
1383,16.933861,16.668715,16,0,0,4,0.000,1,6682.190,709.481,6.000,6770.000,700.000,90.000,64.668,58,70.868,40.868
1384,16.687085,16.667834,16,0,0,4,0.000,1,6682.190,709.481,6.000,6770.000,700.000,90.000,64.668,58,70.868,40.868
1385,16.720396,16.668006,16,0,0,4,0.000,1,6682.190,709.481,6.000,6770.000,700.000,90.000,64.668,58,70.868,40.868
1386,16.402259,16.668965,16,0,0,4,0.000,1,6682.190,709.481,6.000,6770.000,700.000,90.000,64.668,58,70.868,40.868
1387,16.754837,16.668824,16,0,0,4,0.000,1,6682.190,709.481,6.000,6770.000,700.000,90.000,64.668,58,70.868,40.868
1388,16.843039,16.667745,16,0,0,4,0.000,1,6682.190,709.481,6.000,6770.000,700.000,90.000,64.668,58,70.868,40.868
1389,16.585422,16.668955,16,0,0,4,0.000,1,6682.190,709.481,6.000,6770.000,700.000,90.000,64.668,58,70.868,40.868
1390,16.562043,16.668924,16,0,0,4,0.000,1,6682.190,709.481,6.000,6770.000,700.000,90.000,64.668,58,70.868,40.868
1391,16.698246,16.668855,16,0,0,4,0.000,1,6682.190,709.481,6.000,6770.000,700.000,90.000,64.668,58,70.868,40.868
1392,16.723685,16.667915,16,0,0,4,0.000,1,6682.190,709.481,6.000,6770.000,700.000,90.000,64.668,58,70.868,40.868
1393,17.028292,16.667804,16,0,0,4,0.000,1,6682.190,709.481,6.000,6770.000,700.000,90.000,64.668,58,70.868,40.868
1394,16.695446,16.668365,16,0,0,4,0.000,1,6682.190,709.481,6.000,6770.000,700.000,90.000,64.668,58,70.868,40.868
1395,16.805038,16.667104,16,0,0,4,0.000,1,6682.190,709.481,6.000,6770.000,700.000,90.000,64.668,58,70.868,40.868
1396,16.402538,16.667665,16,0,0,4,0.000,1,6682.190,709.481,6.000,6770.000,700.000,90.000,64.668,58,70.868,40.868
1397,16.680296,16.668185,16,0,0,4,0.000,1,6682.190,709.481,6.000,6770.000,700.000,90.000,64.668,58,70.868,40.868
1398,16.906740,16.668115,16,0,0,4,0.000,1,6682.190,709.481,6.000,6770.000,700.000,90.000,64.668,58,70.868,40.868
1399,16.638253,16.667825,16,0,0,4,0.000,1,6682.190,709.481,6.000,6770.000,700.000,90.000,64.668,58,70.868,40.868
1400,18.522355,16.668325,16,0,0,4,0.000,1,6682.190,709.481,6.000,6770.000,700.000,90.000,64.668,58,70.868,40.868
1401,17.259937,16.667124,16,0,0,4,0.000,1,6682.190,709.481,6.000,6770.000,700.000,90.000,64.668,58,70.868,40.868
1402,16.406670,16.667485,16,0,0,4,0.000,1,6682.190,709.481,6.000,6770.000,700.000,90.000,64.668,58,70.868,40.868
1403,15.075520,16.667355,16,0,0,4,0.000,1,6682.190,709.481,6.000,6770.000,700.000,90.000,64.668,58,70.868,40.868
1404,16.018391,16.668464,16,0,0,4,0.000,1,6682.190,709.481,6.000,6770.000,700.000,90.000,64.668,58,70.868,40.868
1405,16.509381,16.667725,16,0,0,4,0.000,1,6682.190,709.481,6.000,6770.000,700.000,90.000,64.668,58,70.868,40.868
1406,16.609594,16.667305,16,0,0,4,0.000,1,6682.190,709.481,6.000,6770.000,700.000,90.000,64.668,58,70.868,40.868
1407,18.073675,16.720585,16,0,0,4,0.000,1,6682.190,709.481,6.000,6770.000,700.000,90.000,64.668,58,70.868,40.868
1408,15.869268,16.667645,16,0,0,4,0.000,1,6682.190,709.481,6.000,6770.000,700.000,90.000,64.668,58,70.868,40.868
1409,16.550501,16.668475,16,0,0,4,0.000,1,6682.190,709.481,6.000,6770.000,700.000,90.000,64.668,58,70.868,40.868
1410,16.748127,16.668734,16,0,0,4,0.000,1,6682.190,709.481,6.000,6770.000,700.000,90.000,64.668,58,70.868,40.868
1411,17.381410,16.667406,16,0,0,4,0.000,1,6682.190,709.481,6.000,6770.000,700.000,90.000,64.668,58,70.868,40.868
1412,16.367848,16.669755,16,0,0,4,0.000,1,6682.190,709.481,6.000,6770.000,700.000,90.000,64.668,58,70.868,40.868
1413,16.976602,16.669324,16,0,0,4,0.000,1,6682.190,709.481,6.000,6770.000,700.000,90.000,64.668,58,70.868,40.868
1414,15.120932,16.667425,16,0,0,4,0.000,1,6682.190,709.481,6.000,6770.000,700.000,90.000,64.668,58,70.868,40.868
1415,16.901619,16.666975,16,0,0,4,0.000,1,6682.190,709.481,6.000,6770.000,700.000,90.000,64.668,58,70.868,40.868
1416,16.689185,16.667354,16,0,0,4,0.000,1,6682.190,709.481,6.000,6770.000,700.000,90.000,64.668,58,70.868,40.868
1417,16.614814,16.667235,16,0,0,4,0.000,1,6682.190,709.481,6.000,6770.000,700.000,90.000,64.668,58,70.868,40.868
1418,16.591933,16.667895,16,0,0,4,0.000,1,6682.190,709.481,6.000,6770.000,700.000,90.000,64.668,58,70.868,40.868
1419,19.591957,16.667164,16,0,0,4,0.000,1,6682.190,709.481,6.000,6770.000,700.000,90.000,64.668,58,70.868,40.868
1420,20.482946,16.667995,16,0,0,4,0.000,1,6682.190,709.481,6.000,6770.000,700.000,90.000,64.668,58,70.868,40.868
1421,14.935838,16.668525,16,0,0,4,0.000,1,6682.190,709.481,6.000,6770.000,700.000,90.000,64.668,58,70.868,40.868
1422,15.537520,16.668974,16,0,0,4,0.000,1,6682.190,709.481,6.000,6770.000,700.000,90.000,64.668,58,70.868,40.868
1423,14.623432,16.668496,16,0,0,4,0.000,1,6682.190,709.481,6.000,6770.000,700.000,90.000,64.668,58,70.868,40.868
1424,18.366820,16.668665,16,0,0,4,0.000,1,6682.190,709.481,6.000,6770.000,700.000,90.000,64.668,58,70.868,40.868
1425,14.393676,16.711194,16,0,0,4,0.000,1,6682.190,709.481,6.000,6770.000,700.000,90.000,64.668,58,70.868,40.868
1426,19.400014,16.668336,16,0,0,4,0.000,1,6682.190,709.481,6.000,6770.000,700.000,90.000,64.668,58,70.868,40.868
1427,14.481978,16.668455,16,0,0,4,0.000,1,6682.190,709.481,6.000,6770.000,700.000,90.000,64.668,58,70.868,40.868
1428,15.314966,16.667464,16,0,0,4,0.000,1,6682.190,709.481,6.000,6770.000,700.000,90.000,64.668,58,70.868,40.868
1429,16.435430,16.668245,16,0,0,4,0.000,1,6682.190,709.481,6.000,6770.000,700.000,90.000,64.668,58,70.868,40.868
1430,16.779447,16.668015,16,0,0,4,0.000,1,6682.190,709.481,6.000,6770.000,700.000,90.000,64.668,58,70.868,40.868
1431,17.192026,16.667294,16,0,0,4,0.000,1,6682.190,709.481,6.000,6770.000,700.000,90.000,64.668,58,70.868,40.868
1432,16.649524,16.729696,16,0,0,4,0.000,1,6682.190,709.481,6.000,6770.000,700.000,90.000,64.668,58,70.868,40.868
1433,16.775837,16.668335,16,0,0,4,0.000,1,6682.190,709.481,6.000,6770.000,700.000,90.000,64.668,58,70.868,40.868
1434,16.858828,16.667864,16,0,0,4,0.000,1,6682.190,709.481,6.000,6770.000,700.000,90.000,64.668,58,70.868,40.868
1435,15.966990,16.668055,16,0,0,4,0.000,1,6682.190,709.481,6.000,6770.000,700.000,90.000,64.668,58,70.868,40.868
1436,16.475712,16.666956,16,0,0,4,0.000,1,6682.190,709.481,6.000,6770.000,700.000,90.000,64.668,58,70.868,40.868
1437,17.426620,16.667184,16,0,0,4,0.000,1,6682.190,709.481,6.000,6770.000,700.000,90.000,64.668,58,70.868,40.868
1438,15.783066,16.668055,16,0,0,4,0.000,1,6682.190,709.481,6.000,6770.000,700.000,90.000,64.668,58,70.868,40.868
1439,17.293308,16.667515,16,0,0,4,0.000,1,6682.190,709.481,6.000,6770.000,700.000,90.000,64.668,58,70.868,40.868
1440,16.437920,16.667454,16,0,0,4,0.000,1,6682.190,709.481,6.000,6770.000,700.000,90.000,64.668,58,70.868,40.868
1441,17.064673,16.668295,16,0,0,4,0.000,1,6682.190,709.481,6.000,6770.000,700.000,90.000,64.668,58,70.868,40.868
1442,16.891420,16.667005,16,0,0,4,0.000,1,6682.190,709.481,6.000,6770.000,700.000,90.000,64.668,58,70.868,40.868
1443,17.955041,16.667544,16,0,0,4,0.000,1,6682.190,709.481,6.000,6770.000,700.000,90.000,64.668,58,70.868,40.868
1444,16.709856,16.667655,16,0,0,4,0.000,1,6682.190,709.481,6.000,6770.000,700.000,90.000,64.668,58,70.868,40.868
1445,16.133403,16.667235,16,0,0,4,0.000,1,6682.190,709.481,6.000,6770.000,700.000,90.000,64.668,58,70.868,40.868
1446,15.988261,16.684995,16,0,0,4,0.000,1,6682.190,709.481,6.000,6770.000,700.000,90.000,64.668,58,70.868,40.868
1447,16.880429,16.667275,16,0,0,4,0.000,1,6682.190,709.481,6.000,6770.000,700.000,90.000,64.668,58,70.868,40.868
1448,16.662075,16.667295,16,0,0,4,0.000,1,6682.190,709.481,6.000,6770.000,700.000,90.000,64.668,58,70.868,40.868
1449,16.904410,16.667044,16,0,0,4,0.000,1,6682.190,709.481,6.000,6770.000,700.000,90.000,64.668,58,70.868,40.868
1450,18.487013,16.667235,16,0,0,4,0.000,1,6682.190,709.481,6.000,6770.000,700.000,90.000,64.668,58,70.868,40.868
1451,17.378770,16.667475,16,0,0,4,0.000,1,6682.190,709.481,6.000,6770.000,700.000,90.000,64.668,58,70.868,40.868
1452,18.511794,16.666924,16,0,0,4,0.000,1,6682.190,709.481,6.000,6770.000,700.000,90.000,64.668,58,70.868,40.868
1453,15.276595,16.667095,16,0,0,4,0.000,1,6682.190,709.481,6.000,6770.000,700.000,90.000,64.668,58,70.868,40.868
1454,15.961499,16.667075,16,0,0,4,0.000,1,6682.190,709.481,6.000,6770.000,700.000,90.000,64.668,58,70.868,40.868
1455,15.583062,16.667444,16,0,0,4,0.000,1,6682.190,709.481,6.000,6770.000,700.000,90.000,64.668,58,70.868,40.868
1456,17.941542,16.667305,16,0,0,4,0.000,1,6682.190,709.481,6.000,6770.000,700.000,90.000,64.668,58,70.868,40.868
1457,15.373617,16.667375,16,0,0,4,0.000,1,6682.190,709.481,6.000,6770.000,700.000,90.000,64.668,58,70.868,40.868
1458,14.672223,16.667494,16,0,0,4,0.000,1,6682.190,709.481,6.000,6770.000,700.000,90.000,64.668,58,70.868,40.868
1459,16.560002,16.666865,16,0,0,4,0.000,1,6682.190,709.481,6.000,6770.000,700.000,90.000,64.668,58,70.868,40.868
1460,15.678674,16.667405,16,0,0,4,0.000,1,6682.190,709.481,6.000,6770.000,700.000,90.000,64.668,58,70.868,40.868
1461,16.519712,16.667744,16,0,0,4,0.000,1,6682.190,709.481,6.000,6770.000,700.000,90.000,64.668,58,70.868,40.868
1462,16.946750,16.667116,22,0,0,4,0.000,1,6682.190,709.481,6.000,6770.000,700.000,90.000,64.668,58,-1.000,-1.000
1463,16.701045,16.667215,22,0,0,4,0.000,1,6682.190,709.481,6.000,6140.000,390.000,90.000,64.668,58,-1.000,-1.000
1464,16.485152,16.667284,22,0,0,4,0.000,1,6682.190,709.481,6.000,6140.000,390.000,90.000,64.668,58,-1.000,-1.000
1465,16.152933,16.667065,22,0,0,4,0.000,1,6682.190,709.481,6.000,6140.000,390.000,90.000,64.668,58,-1.000,-1.000
1466,16.921740,16.667295,22,0,0,4,0.000,1,6682.190,709.481,6.000,6140.000,390.000,90.000,64.668,58,-1.000,-1.000
1467,16.381629,16.667334,22,0,0,4,0.000,1,6682.190,709.481,6.000,6140.000,390.000,90.000,64.668,58,-1.000,-1.000
1468,16.903099,16.667175,22,0,0,4,0.000,1,6682.190,709.481,6.000,6140.000,390.000,90.000,64.668,58,-1.000,-1.000
1469,16.521173,16.667175,22,0,0,4,0.000,1,6682.190,709.481,6.000,6140.000,390.000,90.000,64.668,58,-1.000,-1.000
1470,16.791656,16.667444,22,0,0,4,0.000,1,6682.190,709.481,6.000,6140.000,390.000,90.000,64.668,58,-1.000,-1.000
1471,16.651665,16.667525,22,0,0,4,0.000,1,6682.190,709.481,6.000,6140.000,390.000,90.000,64.668,58,-1.000,-1.000
1472,16.576303,16.667625,22,0,0,4,0.000,1,6682.190,709.481,6.000,6140.000,390.000,90.000,64.668,58,-1.000,-1.000
1473,16.680354,16.667404,22,0,0,4,0.000,1,6682.190,709.481,6.000,6140.000,390.000,90.000,64.668,58,-1.000,-1.000
1474,16.496512,16.667245,22,0,0,4,0.000,1,6682.190,709.481,6.000,6140.000,390.000,90.000,64.668,58,-1.000,-1.000
1475,17.050803,16.668345,22,0,0,4,0.000,1,6682.190,709.481,6.000,6140.000,390.000,90.000,64.668,58,-1.000,-1.000
1476,16.773867,16.667944,22,0,0,4,0.000,1,6682.190,709.481,6.000,6140.000,390.000,90.000,64.668,58,-1.000,-1.000
1477,16.852678,16.667655,22,0,0,4,0.000,1,6682.190,709.481,6.000,6140.000,390.000,90.000,64.668,58,-1.000,-1.000
1478,17.367030,16.668125,22,0,0,4,0.000,1,6682.190,709.481,6.000,6140.000,390.000,90.000,64.668,58,-1.000,-1.000
1479,17.026333,16.667185,22,0,0,4,0.000,1,6682.190,709.481,6.000,6140.000,390.000,90.000,64.668,58,-1.000,-1.000
1480,16.294006,16.667435,22,0,0,4,0.000,1,6682.190,709.481,6.000,6140.000,390.000,90.000,64.668,58,-1.000,-1.000
1481,17.248727,16.668865,22,0,0,4,0.000,1,6682.190,709.481,6.000,6140.000,390.000,90.000,64.668,58,-1.000,-1.000
1482,16.915430,16.667804,22,0,0,4,0.000,1,6682.190,709.481,6.000,6140.000,390.000,90.000,64.668,58,-1.000,-1.000
1483,19.103886,16.668115,22,0,0,4,0.000,1,6682.190,709.481,6.000,6140.000,390.000,90.000,64.668,58,-1.000,-1.000
1484,17.063454,16.668735,22,0,0,4,0.000,1,6682.190,709.481,6.000,6140.000,390.000,90.000,64.668,58,-1.000,-1.000
1485,15.668293,16.667444,22,0,0,4,0.000,1,6682.190,709.481,6.000,6140.000,390.000,90.000,64.668,58,-1.000,-1.000
1486,15.869788,16.667835,22,0,0,4,0.000,1,6682.190,709.481,6.000,6140.000,390.000,90.000,64.668,58,-1.000,-1.000
1487,16.142944,16.669265,22,0,0,4,0.000,1,6682.190,709.481,6.000,6140.000,390.000,90.000,64.668,58,-1.000,-1.000
1488,15.470719,16.667334,22,0,0,4,0.000,1,6682.190,709.481,6.000,6140.000,390.000,90.000,64.668,58,-1.000,-1.000
1489,17.096324,16.667705,22,0,0,4,0.000,1,6682.190,709.481,6.000,6140.000,390.000,90.000,64.668,58,-1.000,-1.000
1490,15.882717,16.667215,22,0,0,4,0.000,1,6682.190,709.481,6.000,6140.000,390.000,90.000,64.668,58,-1.000,-1.000
1491,16.599094,16.667894,22,0,0,4,0.000,1,6682.190,709.481,6.000,6140.000,390.000,90.000,64.668,58,-1.000,-1.000
1492,17.026742,16.667586,23,0,0,4,0.000,1,6682.190,709.481,6.000,6140.000,390.000,90.000,64.668,58,-1.000,-1.000
1493,17.543254,16.667605,23,1,0,5,0.000,1,6682.190,709.481,6.000,6140.000,390.000,90.000,64.668,58,-1.000,-1.000
1494,15.521370,16.668674,23,1,0,5,0.000,1,6682.190,709.481,6.000,6140.000,390.000,90.000,64.668,58,-1.000,-1.000
1495,16.816518,16.667165,23,1,0,5,0.000,1,6682.190,709.481,6.000,6140.000,390.000,90.000,64.668,58,-1.000,-1.000
1496,18.820711,16.668845,23,1,0,5,0.000,1,6682.190,709.481,6.000,6140.000,390.000,90.000,64.668,58,-1.000,-1.000
1497,18.432992,16.671744,23,1,0,5,0.000,1,6682.190,709.481,6.000,6140.000,390.000,90.000,64.668,58,-1.000,-1.000
1498,17.468412,16.668715,23,1,0,5,0.000,1,6682.190,709.481,6.000,6140.000,390.000,90.000,64.668,58,-1.000,-1.000
1499,14.353775,16.667324,23,1,0,5,0.000,1,6682.190,709.481,6.000,6140.000,390.000,90.000,64.668,58,-1.000,-1.000
1500,19.756921,16.667315,23,1,0,5,0.000,1,6682.190,709.481,6.000,6140.000,390.000,90.000,64.668,58,-1.000,-1.000
1501,13.700621,16.668205,23,1,0,5,0.000,1,6682.190,709.481,6.000,6140.000,390.000,90.000,64.668,58,-1.000,-1.000
1502,16.586793,16.667254,23,1,0,5,0.000,1,6682.190,709.481,6.000,6140.000,390.000,90.000,64.668,58,-1.000,-1.000
1503,19.157148,16.668285,23,1,0,5,0.000,1,6682.190,709.481,6.000,6140.000,390.000,90.000,64.668,58,-1.000,-1.000
1504,14.717363,16.667586,23,1,0,5,0.000,1,6682.190,709.481,6.000,6140.000,390.000,90.000,64.668,58,-1.000,-1.000
1505,16.894480,16.667454,23,1,0,5,0.000,1,6682.190,709.481,6.000,6140.000,390.000,90.000,64.668,58,-1.000,-1.000
1506,18.174297,16.668545,23,1,0,5,0.000,1,6682.190,709.481,6.000,6140.000,390.000,90.000,64.668,58,-1.000,-1.000
1507,18.079234,16.668205,23,1,0,5,0.000,1,6682.190,709.481,6.000,6140.000,390.000,90.000,64.668,58,-1.000,-1.000
1508,15.337586,16.668104,23,1,0,5,0.000,1,6682.190,709.481,6.000,6140.000,390.000,90.000,64.668,58,-1.000,-1.000
1509,17.396661,16.667465,23,1,0,5,0.000,1,6682.190,709.481,6.000,6140.000,390.000,90.000,64.668,58,-1.000,-1.000
1510,17.251467,16.667305,23,1,0,5,0.000,1,6682.190,709.481,6.000,6140.000,390.000,90.000,64.668,58,-1.000,-1.000
1511,17.488562,16.667794,23,1,0,5,0.000,1,6682.190,709.481,6.000,6140.000,390.000,90.000,64.668,58,-1.000,-1.000
1512,16.675845,16.668085,23,1,0,5,0.000,1,6682.190,709.481,6.000,6140.000,390.000,90.000,64.668,58,-1.000,-1.000
1513,16.714726,16.667565,23,1,0,5,0.000,1,6682.190,709.481,6.000,6140.000,390.000,90.000,64.668,58,-1.000,-1.000
1514,16.373448,16.669024,23,1,0,5,0.000,1,6682.190,709.481,6.000,6140.000,390.000,90.000,64.668,58,-1.000,-1.000
1515,16.697306,16.667305,23,1,0,5,0.000,1,6682.190,709.481,6.000,6140.000,390.000,90.000,64.668,58,-1.000,-1.000
1516,15.463139,16.668305,17,1,0,5,0.000,1,6682.190,709.481,6.000,6140.000,390.000,90.000,64.668,58,-1.000,-1.000
1517,15.248065,16.668704,17,1,0,5,0.000,1,6682.190,709.481,6.000,6140.000,390.000,90.000,64.668,58,-1.000,-1.000
1518,17.358689,16.667515,17,1,0,5,0.000,1,6682.190,709.481,6.000,6140.000,390.000,90.000,64.668,58,-1.000,-1.000
1519,19.118067,16.669146,17,1,0,5,0.000,1,6682.190,709.481,6.000,6140.000,390.000,90.000,64.668,58,-1.000,-1.000
1520,17.828039,16.668054,17,1,0,5,0.000,1,6682.190,709.481,6.000,6140.000,390.000,90.000,64.668,58,-1.000,-1.000
1521,18.129426,16.669275,17,1,0,5,0.000,1,6682.190,709.481,6.000,16500.000,700.000,90.000,64.668,58,-1.000,-1.000
1522,13.692832,16.667035,17,1,1,5,0.000,0,6682.190,709.481,6.000,16500.000,700.000,90.000,64.668,58,-1.000,-1.000
1523,18.376770,16.668854,17,1,1,5,0.000,0,6682.190,709.481,6.000,16500.000,700.000,90.000,64.668,58,-1.000,-1.000
1524,15.997331,16.667815,17,1,1,5,0.000,0,6682.190,709.481,6.000,16500.000,700.000,90.000,64.668,58,-1.000,-1.000
1525,17.336629,16.668315,17,1,1,5,0.000,0,6682.190,709.481,6.000,16500.000,700.000,90.000,64.668,58,-1.000,-1.000
1526,14.197773,16.668614,17,1,1,5,0.000,0,6682.190,709.481,6.000,16500.000,700.000,90.000,64.668,58,-1.000,-1.000
1527,13.824433,16.667815,17,1,1,5,0.000,0,6682.190,709.481,6.000,16500.000,700.000,90.000,64.668,58,-1.000,-1.000
1528,12.685980,16.668615,17,1,1,5,0.000,0,6682.190,709.481,6.000,16500.000,700.000,90.000,64.668,58,-1.000,-1.000
1529,16.698816,16.667654,17,1,1,5,0.000,0,6682.190,709.481,6.000,16500.000,700.000,90.000,64.668,58,-1.000,-1.000
1530,16.510451,16.668025,17,1,1,5,0.000,0,6682.190,709.481,6.000,16500.000,700.000,90.000,64.668,58,-1.000,-1.000
1531,16.771077,16.667385,17,1,1,5,0.000,0,6682.190,709.481,6.000,16500.000,700.000,90.000,64.668,58,-1.000,-1.000
1532,17.484863,16.667065,17,1,1,5,0.000,0,6682.190,709.481,6.000,16500.000,700.000,90.000,64.668,58,-1.000,-1.000
1533,19.026994,16.667385,17,1,1,5,0.000,0,6682.190,709.481,6.000,16500.000,700.000,90.000,64.668,58,-1.000,-1.000
1534,13.309773,16.667315,17,1,1,5,0.000,0,6682.190,709.481,6.000,16500.000,700.000,90.000,64.668,58,-1.000,-1.000
1535,17.683777,16.667814,17,1,1,5,0.000,0,6682.190,709.481,6.000,16500.000,700.000,90.000,64.668,58,-1.000,-1.000
1536,20.194650,16.667325,17,1,1,5,0.000,0,6682.190,709.481,6.000,16500.000,700.000,90.000,64.668,58,-1.000,-1.000
1537,11.532695,16.667305,17,1,1,5,0.000,0,6682.190,709.481,6.000,16500.000,700.000,90.000,64.668,58,-1.000,-1.000
1538,18.521054,16.667334,17,1,1,5,0.000,0,6682.190,709.481,6.000,16500.000,700.000,90.000,64.668,58,-1.000,-1.000
1539,15.200224,16.669075,17,1,1,5,0.000,0,6682.190,709.481,6.000,16500.000,700.000,90.000,64.668,58,-1.000,-1.000
1540,21.752513,16.667515,17,1,1,5,0.000,0,6682.190,709.481,6.000,16500.000,700.000,90.000,64.668,58,-1.000,-1.000
1541,11.840872,16.667504,17,1,1,5,0.000,0,6682.190,709.481,6.000,16500.000,700.000,90.000,64.668,58,-1.000,-1.000
1542,16.798827,16.668845,17,1,1,5,0.000,0,6682.190,709.481,6.000,16500.000,700.000,90.000,64.668,58,-1.000,-1.000
1543,16.469391,16.690536,17,1,1,5,0.000,0,6682.190,709.481,6.000,16500.000,700.000,90.000,64.668,58,-1.000,-1.000
1544,16.399838,16.668184,17,1,1,5,0.000,0,6682.190,709.481,6.000,16500.000,700.000,90.000,64.668,58,-1.000,-1.000
1545,16.845239,16.668215,17,1,1,5,0.000,0,6682.190,709.481,6.000,16500.000,700.000,90.000,64.668,58,-1.000,-1.000
1546,16.726076,16.668025,17,1,1,5,0.000,0,6682.190,709.481,6.000,16500.000,700.000,90.000,64.668,58,-1.000,-1.000
1547,16.514901,16.668804,17,1,1,5,0.000,0,6682.190,709.481,6.000,16500.000,700.000,90.000,64.668,58,-1.000,-1.000
1548,16.752807,16.667385,17,1,1,5,0.000,0,6682.190,709.481,6.000,16500.000,700.000,90.000,64.668,58,-1.000,-1.000
1549,16.674255,16.668125,17,1,1,5,0.000,0,6682.190,709.481,6.000,16500.000,700.000,90.000,64.668,58,-1.000,-1.000
1550,17.903541,16.667084,17,1,1,5,0.000,0,6682.190,709.481,6.000,16500.000,700.000,90.000,64.668,58,-1.000,-1.000
1551,18.823310,16.667225,17,1,1,5,0.000,0,6682.190,709.481,6.000,16500.000,700.000,90.000,64.668,58,-1.000,-1.000
1552,13.237823,16.668575,17,1,1,5,0.000,0,6682.190,709.481,6.000,16500.000,700.000,90.000,64.668,58,-1.000,-1.000
1553,18.028513,16.668685,17,1,1,5,0.000,0,6682.190,709.481,6.000,16500.000,700.000,90.000,64.668,58,-1.000,-1.000
1554,15.288286,16.668025,17,1,1,5,0.000,0,6682.190,709.481,6.000,16500.000,700.000,90.000,64.668,58,-1.000,-1.000
1555,16.720436,16.667855,17,1,1,5,0.000,0,6682.190,709.481,6.000,16500.000,700.000,90.000,64.668,58,-1.000,-1.000
1556,16.611953,16.667034,17,1,1,5,0.000,0,6682.190,709.481,6.000,16500.000,700.000,90.000,64.668,58,-1.000,-1.000
1557,16.601903,16.667155,17,1,1,5,0.000,0,6682.190,709.481,6.000,16500.000,700.000,90.000,64.668,58,-1.000,-1.000
1558,16.630534,16.667245,17,1,1,5,0.000,0,6682.190,709.481,6.000,16500.000,700.000,90.000,64.668,58,-1.000,-1.000
1559,16.814548,16.667754,17,1,1,5,0.000,0,6682.190,709.481,6.000,16500.000,700.000,90.000,64.668,58,-1.000,-1.000
1560,16.791557,16.668505,17,1,1,5,0.000,0,6682.190,709.481,6.000,16500.000,700.000,90.000,64.668,58,-1.000,-1.000
1561,17.250877,16.669005,17,1,1,5,0.000,0,6682.190,709.481,6.000,16500.000,700.000,90.000,64.668,58,-1.000,-1.000
1562,17.147455,16.667364,17,1,1,5,0.000,0,6682.190,709.481,6.000,16500.000,700.000,90.000,64.668,58,-1.000,-1.000
1563,15.669744,16.667105,17,1,1,5,0.000,0,6682.190,709.481,6.000,16500.000,700.000,90.000,64.668,58,-1.000,-1.000
1564,16.522752,16.667425,17,1,1,5,0.000,0,6682.190,709.481,6.000,16500.000,700.000,90.000,64.668,58,-1.000,-1.000
1565,16.808917,16.668774,17,1,1,5,0.000,0,6682.190,709.481,6.000,16500.000,700.000,90.000,64.668,58,-1.000,-1.000
1566,21.031497,16.668335,17,1,1,5,0.000,0,6682.190,709.481,6.000,16500.000,700.000,90.000,64.668,58,-1.000,-1.000
1567,12.157330,16.667066,17,1,1,5,0.000,0,6682.190,709.481,6.000,16500.000,700.000,90.000,64.668,58,-1.000,-1.000
1568,16.616233,16.667414,17,1,1,5,0.000,0,6682.190,709.481,6.000,16500.000,700.000,90.000,64.668,58,-1.000,-1.000
1569,16.865949,16.668685,17,1,1,5,0.000,0,6682.190,709.481,6.000,16500.000,700.000,90.000,64.668,58,-1.000,-1.000
1570,16.666605,16.667205,17,1,1,5,0.000,0,6682.190,709.481,6.000,16500.000,700.000,90.000,64.668,58,-1.000,-1.000
1571,17.167225,16.668234,17,1,1,5,0.000,0,6682.190,709.481,6.000,16500.000,700.000,90.000,64.668,58,-1.000,-1.000
1572,16.436940,16.668065,17,1,1,5,0.000,0,6682.190,709.481,6.000,16500.000,700.000,90.000,64.668,58,-1.000,-1.000
1573,16.751647,16.668374,17,1,1,5,0.000,0,6682.190,709.481,6.000,16500.000,700.000,90.000,64.668,58,-1.000,-1.000
1574,16.567422,16.667155,17,1,1,5,0.000,0,6682.190,709.481,6.000,16500.000,700.000,90.000,64.668,58,-1.000,-1.000
1575,16.792537,16.668595,17,1,1,5,0.000,0,6682.190,709.481,6.000,16500.000,700.000,90.000,64.668,58,-1.000,-1.000
1576,16.659915,16.668724,17,1,1,5,0.000,0,6682.190,709.481,6.000,16500.000,700.000,90.000,64.668,58,-1.000,-1.000
1577,16.642055,16.668585,17,1,1,5,0.000,0,6682.190,709.481,6.000,16500.000,700.000,90.000,64.668,58,-1.000,-1.000
1578,16.549901,16.667925,17,1,1,5,0.000,0,6682.190,709.481,6.000,16500.000,700.000,90.000,64.668,58,-1.000,-1.000
1579,17.453782,16.667784,17,1,1,5,0.000,0,6682.190,709.481,6.000,16500.000,700.000,90.000,64.668,58,-1.000,-1.000
1580,16.481101,16.667716,17,1,1,5,0.000,0,6682.190,709.481,6.000,16500.000,700.000,90.000,64.668,58,-1.000,-1.000
1581,16.040771,16.667965,17,1,1,5,0.000,0,6682.190,709.481,6.000,16500.000,700.000,90.000,64.668,58,-1.000,-1.000
1582,16.842549,16.668284,17,1,1,5,0.000,0,6682.190,709.481,6.000,16500.000,700.000,90.000,64.668,58,-1.000,-1.000
1583,16.587153,16.667335,17,1,1,5,0.000,0,6682.190,709.481,6.000,16500.000,700.000,90.000,64.668,58,-1.000,-1.000
1584,16.638693,16.668215,17,1,1,5,0.000,0,6682.190,709.481,6.000,16500.000,700.000,90.000,64.668,58,-1.000,-1.000
1585,16.996032,16.667844,17,1,1,5,0.000,0,6682.190,709.481,6.000,16500.000,700.000,90.000,64.668,58,-1.000,-1.000
1586,16.833619,16.668965,17,1,1,5,0.000,0,6682.190,709.481,6.000,16500.000,700.000,90.000,64.668,58,-1.000,-1.000
1587,16.143813,16.667605,17,1,1,5,0.000,0,6682.190,709.481,6.000,16500.000,700.000,90.000,64.668,58,-1.000,-1.000
1588,16.634344,16.668444,17,1,1,5,0.000,0,6682.190,709.481,6.000,16500.000,700.000,90.000,64.668,58,-1.000,-1.000
1589,16.717797,16.668755,17,1,1,5,0.000,0,6682.190,709.481,6.000,16500.000,700.000,90.000,64.668,58,-1.000,-1.000
1590,16.292436,16.668635,17,1,1,5,0.000,0,6682.190,709.481,6.000,16500.000,700.000,90.000,64.668,58,-1.000,-1.000
1591,17.053233,16.668554,17,1,1,5,0.000,0,6682.190,709.481,6.000,16500.000,700.000,90.000,64.668,58,-1.000,-1.000
1592,16.360938,16.668615,17,1,1,5,0.000,0,6682.190,709.481,6.000,16500.000,700.000,90.000,64.668,58,-1.000,-1.000
1593,16.573133,16.667056,17,1,1,5,0.000,0,6682.190,709.481,6.000,16500.000,700.000,90.000,64.668,58,-1.000,-1.000
1594,16.807198,16.667914,17,1,1,5,0.000,0,6682.190,709.481,6.000,16500.000,700.000,90.000,64.668,58,-1.000,-1.000
1595,16.762276,16.667235,17,1,1,5,0.000,0,6682.190,709.481,6.000,16500.000,700.000,90.000,64.668,58,-1.000,-1.000
1596,16.553783,16.668345,17,1,1,5,0.000,0,6682.190,709.481,6.000,16500.000,700.000,90.000,64.668,58,-1.000,-1.000
1597,16.619894,16.667464,17,1,1,5,0.000,0,6682.190,709.481,6.000,16500.000,700.000,90.000,64.668,58,-1.000,-1.000
1598,16.649823,16.667855,17,1,1,5,0.000,0,6682.190,709.481,6.000,16500.000,700.000,90.000,64.668,58,-1.000,-1.000
1599,16.724277,16.667325,17,1,1,5,0.000,0,6682.190,709.481,6.000,16500.000,700.000,90.000,64.668,58,-1.000,-1.000
1600,16.674545,16.667984,17,1,1,5,0.000,0,6682.190,709.481,6.000,16500.000,700.000,90.000,64.668,58,-1.000,-1.000
1601,16.646733,16.668055,17,1,1,5,0.000,0,6682.190,709.481,6.000,16500.000,700.000,90.000,64.668,58,-1.000,-1.000
1602,16.760487,16.667535,17,1,1,5,0.000,0,6682.190,709.481,6.000,16500.000,700.000,90.000,64.668,58,-1.000,-1.000
1603,17.562045,16.667574,17,1,1,5,0.000,0,6682.190,709.481,6.000,16500.000,700.000,90.000,64.668,58,-1.000,-1.000
1604,16.063571,16.668515,17,1,1,5,0.000,0,6682.190,709.481,6.000,16500.000,700.000,90.000,64.668,58,-1.000,-1.000
1605,16.627514,16.668245,17,1,1,5,0.000,0,6682.190,709.481,6.000,16500.000,700.000,90.000,64.668,58,-1.000,-1.000
1606,16.555432,16.668725,17,1,1,5,0.000,0,6682.190,709.481,6.000,16500.000,700.000,90.000,64.668,58,-1.000,-1.000
1607,16.673865,16.668395,17,1,1,5,0.000,0,6682.190,709.481,6.000,16500.000,700.000,90.000,64.668,58,-1.000,-1.000
1608,16.812738,16.667425,17,1,1,5,0.000,0,6682.190,709.481,6.000,16500.000,700.000,90.000,64.668,58,-1.000,-1.000
1609,16.667345,16.667874,17,1,1,5,0.000,0,6682.190,709.481,6.000,16500.000,700.000,90.000,64.668,58,-1.000,-1.000
1610,16.641084,16.668755,17,1,1,5,0.000,0,6682.190,709.481,6.000,16500.000,700.000,90.000,64.668,58,-1.000,-1.000
1611,16.538392,16.668335,17,1,1,5,0.000,0,6682.190,709.481,6.000,16500.000,700.000,90.000,64.668,58,-1.000,-1.000
1612,16.630984,16.667414,17,1,1,5,0.000,0,6682.190,709.481,6.000,16500.000,700.000,90.000,64.668,58,-1.000,-1.000
1613,16.822267,16.667165,17,1,1,5,0.000,0,6682.190,709.481,6.000,16500.000,700.000,90.000,64.668,58,-1.000,-1.000
1614,16.932721,16.668035,17,1,1,5,0.000,0,6682.190,709.481,6.000,16500.000,700.000,90.000,64.668,58,-1.000,-1.000
1615,16.225966,16.668164,17,1,1,5,0.000,0,6682.190,709.481,6.000,16500.000,700.000,90.000,64.668,58,-1.000,-1.000
1616,16.686254,16.668575,17,1,1,5,0.000,0,6682.190,709.481,6.000,16500.000,700.000,90.000,64.668,58,-1.000,-1.000
1617,16.843109,16.668385,17,1,1,5,0.000,0,6682.190,709.481,6.000,16500.000,700.000,90.000,64.668,58,-1.000,-1.000
1618,16.553983,16.668754,17,1,1,5,0.000,0,6682.190,709.481,6.000,16500.000,700.000,90.000,64.668,58,-1.000,-1.000
1619,17.125074,16.667275,17,1,1,5,0.000,0,6682.190,709.481,6.000,16500.000,700.000,90.000,64.668,58,-1.000,-1.000
1620,16.607623,16.667246,17,1,1,5,0.000,0,6682.190,709.481,6.000,16500.000,700.000,90.000,64.668,58,-1.000,-1.000
1621,16.413290,16.668174,17,1,1,5,0.000,0,6682.190,709.481,6.000,16500.000,700.000,90.000,64.668,58,-1.000,-1.000
1622,17.257637,16.691675,17,1,1,5,0.000,0,6682.190,709.481,6.000,16500.000,700.000,90.000,64.668,58,-1.000,-1.000
1623,16.032331,16.668305,17,1,1,5,0.000,0,6682.190,709.481,6.000,16500.000,700.000,90.000,64.668,58,-1.000,-1.000
1624,17.434121,16.668414,17,1,1,5,0.000,0,6682.190,709.481,6.000,16500.000,700.000,90.000,64.668,58,-1.000,-1.000
1625,16.033492,16.680876,17,1,1,5,0.000,0,6682.190,709.481,6.000,16500.000,700.000,90.000,64.668,58,-1.000,-1.000
1626,16.554421,16.667215,17,1,1,5,0.000,0,6682.190,709.481,6.000,16500.000,700.000,90.000,64.668,58,-1.000,-1.000
1627,16.617025,16.667914,17,1,1,5,0.000,0,6682.190,709.481,6.000,16500.000,700.000,90.000,64.668,58,-1.000,-1.000
1628,16.642893,16.668405,17,1,1,5,0.000,0,6682.190,709.481,6.000,16500.000,700.000,90.000,64.668,58,-1.000,-1.000
1629,17.021112,16.668845,17,1,1,5,0.000,0,6682.190,709.481,6.000,16500.000,700.000,90.000,64.668,58,-1.000,-1.000
1630,16.794458,16.668444,17,1,1,5,0.000,0,6682.190,709.481,6.000,16500.000,700.000,90.000,64.668,58,-1.000,-1.000
1631,16.148244,16.668575,17,1,1,5,0.000,0,6682.190,709.481,6.000,16500.000,700.000,90.000,64.668,58,-1.000,-1.000
1632,17.000641,16.668085,17,1,1,5,0.000,0,6682.190,709.481,6.000,16500.000,700.000,90.000,64.668,58,-1.000,-1.000
1633,16.326189,16.667794,17,1,1,5,0.000,0,6682.190,709.481,6.000,16500.000,700.000,90.000,64.668,58,-1.000,-1.000
1634,17.270637,16.668895,17,1,1,5,0.000,0,6682.190,709.481,6.000,16500.000,700.000,90.000,64.668,58,-1.000,-1.000
1635,16.104212,16.667996,17,1,1,5,0.000,0,6682.190,709.481,6.000,16500.000,700.000,90.000,64.668,58,-1.000,-1.000
1636,16.719967,16.667774,17,1,1,5,0.000,0,6682.190,709.481,6.000,16500.000,700.000,90.000,64.668,58,-1.000,-1.000
1637,16.996411,16.667715,17,1,1,5,0.000,0,6682.190,709.481,6.000,16500.000,700.000,90.000,64.668,58,-1.000,-1.000
1638,16.442050,16.667135,17,1,1,5,0.000,0,6682.190,709.481,6.000,16500.000,700.000,90.000,64.668,58,-1.000,-1.000
1639,16.541812,16.668894,17,1,1,5,0.000,0,6682.190,709.481,6.000,16500.000,700.000,90.000,64.668,58,-1.000,-1.000
1640,19.581156,16.667445,17,1,1,5,0.000,0,6682.190,709.481,6.000,16500.000,700.000,90.000,64.668,58,-1.000,-1.000
1641,15.571672,16.868749,17,1,1,5,0.000,0,6682.190,709.481,6.000,16500.000,700.000,90.000,64.668,58,-1.000,-1.000
1642,14.987589,16.667734,17,1,1,5,0.000,0,6682.190,709.481,6.000,16500.000,700.000,90.000,64.668,58,-1.000,-1.000
1643,17.689946,16.713006,17,1,1,5,0.000,0,6682.190,709.481,6.000,16500.000,700.000,90.000,64.668,58,-1.000,-1.000
1644,15.873638,16.669055,17,1,1,5,0.000,0,6682.190,709.481,6.000,16500.000,700.000,90.000,64.668,58,-1.000,-1.000
1645,17.587435,16.667314,17,1,1,5,0.000,0,6682.190,709.481,6.000,16500.000,700.000,90.000,64.668,58,-1.000,-1.000
1646,15.656873,16.667785,17,1,1,5,0.000,0,6682.190,709.481,6.000,16500.000,700.000,90.000,64.668,58,-1.000,-1.000
1647,16.302417,16.667775,17,1,1,5,0.000,0,6682.190,709.481,6.000,16500.000,700.000,90.000,64.668,58,-1.000,-1.000
1648,16.597813,16.667884,17,1,1,5,0.000,0,6682.190,709.481,6.000,16500.000,700.000,90.000,64.668,58,-1.000,-1.000
1649,16.580743,16.668296,17,1,1,5,0.000,0,6682.190,709.481,6.000,16500.000,700.000,90.000,64.668,58,-1.000,-1.000
1650,16.778697,16.667415,17,1,1,5,0.000,0,6682.190,709.481,6.000,16500.000,700.000,90.000,64.668,58,-1.000,-1.000
1651,16.623333,16.668704,17,1,1,5,0.000,0,6682.190,709.481,6.000,16500.000,700.000,90.000,64.668,58,-1.000,-1.000
1652,16.592354,16.667125,17,1,1,5,0.000,0,6682.190,709.481,6.000,16500.000,700.000,90.000,64.668,58,-1.000,-1.000
1653,16.618664,16.668435,17,1,1,5,0.000,0,6682.190,709.481,6.000,16500.000,700.000,90.000,64.668,58,-1.000,-1.000
1654,16.769836,16.667984,17,1,1,5,0.000,0,6682.190,709.481,6.000,16500.000,700.000,90.000,64.668,58,-1.000,-1.000
1655,16.667105,16.667375,17,1,1,5,0.000,0,6682.190,709.481,6.000,16500.000,700.000,90.000,64.668,58,-1.000,-1.000
1656,16.725446,16.668465,17,1,1,5,0.000,0,6682.190,709.481,6.000,16500.000,700.000,90.000,64.668,58,-1.000,-1.000
1657,16.634934,16.667404,17,1,1,5,0.000,0,6682.190,709.481,6.000,16500.000,700.000,90.000,64.668,58,-1.000,-1.000
1658,16.639484,16.668335,17,1,1,5,0.000,0,6682.190,709.481,6.000,16500.000,700.000,90.000,64.668,58,-1.000,-1.000
1659,21.098239,16.668465,17,1,1,5,0.000,0,6682.190,709.481,6.000,16500.000,700.000,90.000,64.668,58,-1.000,-1.000
1660,12.404215,16.668174,17,1,1,5,0.000,0,6682.190,709.481,6.000,16500.000,700.000,90.000,64.668,58,-1.000,-1.000
1661,20.056257,16.668765,17,1,1,5,0.000,0,6682.190,709.481,6.000,16500.000,700.000,90.000,64.668,58,-1.000,-1.000
1662,13.424775,16.668966,17,1,1,5,0.000,0,6682.190,709.481,6.000,16500.000,700.000,90.000,64.668,58,-1.000,-1.000
1663,17.886181,16.667584,17,1,1,5,0.000,0,6682.190,709.481,6.000,16500.000,700.000,90.000,64.668,58,-1.000,-1.000
1664,19.167098,16.668505,17,1,1,5,0.000,0,6682.190,709.481,6.000,16500.000,700.000,90.000,64.668,58,-1.000,-1.000
1665,12.965546,16.667715,17,1,1,5,0.000,0,6682.190,709.481,6.000,16500.000,700.000,90.000,64.668,58,-1.000,-1.000
1666,16.650354,16.668314,17,1,1,5,0.000,0,6682.190,709.481,6.000,16500.000,700.000,90.000,64.668,58,-1.000,-1.000
1667,16.645594,16.668285,17,1,1,5,0.000,0,6682.190,709.481,6.000,16500.000,700.000,90.000,64.668,58,-1.000,-1.000
1668,16.687915,16.668775,17,1,1,5,0.000,0,6682.190,709.481,6.000,16500.000,700.000,90.000,64.668,58,-1.000,-1.000
1669,16.509711,16.678154,17,1,1,5,0.000,0,6682.190,709.481,6.000,16500.000,700.000,90.000,64.668,58,-1.000,-1.000
1670,16.803078,16.668335,17,1,1,5,0.000,0,6682.190,709.481,6.000,16500.000,700.000,90.000,64.668,58,-1.000,-1.000
1671,16.547563,16.668285,17,1,1,5,0.000,0,6682.190,709.481,6.000,16500.000,700.000,90.000,64.668,58,-1.000,-1.000
1672,16.770737,16.668795,17,1,1,5,0.000,0,6682.190,709.481,6.000,16500.000,700.000,90.000,64.668,58,-1.000,-1.000
1673,16.267596,16.668835,17,1,1,5,0.000,0,6682.190,709.481,6.000,16500.000,700.000,90.000,64.668,58,-1.000,-1.000
1674,16.712626,16.668735,17,1,1,5,0.000,0,6682.190,709.481,6.000,16500.000,700.000,90.000,64.668,58,-1.000,-1.000
1675,16.701465,16.668204,17,1,1,5,0.000,0,6682.190,709.481,6.000,16500.000,700.000,90.000,64.668,58,-1.000,-1.000
1676,16.654804,16.667365,17,1,1,5,0.000,0,6682.190,709.481,6.000,16500.000,700.000,90.000,64.668,58,-1.000,-1.000
1677,16.563912,16.667125,17,1,1,5,0.000,0,6682.190,709.481,6.000,16500.000,700.000,90.000,64.668,58,-1.000,-1.000
1678,16.581614,16.667814,17,1,1,5,0.000,0,6682.190,709.481,6.000,16500.000,700.000,90.000,64.668,58,-1.000,-1.000
1679,17.034132,16.668765,17,1,1,5,0.000,0,6682.190,709.481,6.000,16500.000,700.000,90.000,64.668,58,-1.000,-1.000
1680,16.732567,16.667405,17,1,1,5,0.000,0,6682.190,709.481,6.000,16500.000,700.000,90.000,64.668,58,-1.000,-1.000
1681,16.845608,16.667524,17,1,1,5,0.000,0,6682.190,709.481,6.000,16500.000,700.000,90.000,64.668,58,-1.000,-1.000
1682,16.839898,16.667335,17,1,1,5,0.000,0,6682.190,709.481,6.000,16500.000,700.000,90.000,64.668,58,-1.000,-1.000
1683,16.817518,16.667575,17,1,1,5,0.000,0,6682.190,709.481,6.000,16500.000,700.000,90.000,64.668,58,-1.000,-1.000
1684,16.101352,16.668454,17,1,1,5,0.000,0,6682.190,709.481,6.000,16500.000,700.000,90.000,64.668,58,-1.000,-1.000
1685,16.657805,16.667235,17,1,1,5,0.000,0,6682.190,709.481,6.000,16500.000,700.000,90.000,64.668,58,-1.000,-1.000
1686,16.850239,16.667736,17,1,1,5,0.000,0,6682.190,709.481,6.000,16500.000,700.000,90.000,64.668,58,-1.000,-1.000
1687,16.906790,16.667774,17,1,1,5,0.000,0,6682.190,709.481,6.000,16500.000,700.000,90.000,64.668,58,-1.000,-1.000
1688,17.300268,16.668945,17,1,1,5,0.000,0,6682.190,709.481,6.000,16500.000,700.000,90.000,64.668,58,-1.000,-1.000
1689,16.254766,16.668475,17,1,1,5,0.000,0,6682.190,709.481,6.000,16500.000,700.000,90.000,64.668,58,-1.000,-1.000
1690,16.601493,16.668824,17,1,1,5,0.000,0,6682.190,709.481,6.000,16500.000,700.000,90.000,64.668,58,-1.000,-1.000
1691,16.751107,16.888869,17,1,1,5,0.000,0,6682.190,709.481,6.000,16500.000,700.000,90.000,64.668,58,-1.000,-1.000
1692,17.088234,16.667455,17,1,1,5,0.000,0,6682.190,709.481,6.000,16500.000,700.000,90.000,64.668,58,-1.000,-1.000
1693,15.823927,16.668785,17,1,1,5,0.000,0,6682.190,709.481,6.000,16500.000,700.000,90.000,64.668,58,-1.000,-1.000
1694,16.819807,16.667695,17,1,1,5,0.000,0,6682.190,709.481,6.000,16500.000,700.000,90.000,64.668,58,-1.000,-1.000
1695,16.643234,16.667255,17,1,1,5,0.000,0,6682.190,709.481,6.000,16500.000,700.000,90.000,64.668,58,-1.000,-1.000
1696,16.964882,16.667304,18,1,1,5,0.000,0,6682.190,709.481,6.000,16500.000,700.000,90.000,64.668,58,-1.000,-1.000
1697,18.205617,16.667985,18,1,1,5,0.000,0,6682.190,709.481,6.000,16500.000,700.000,90.000,64.668,58,-1.000,-1.000
1698,17.704497,16.668625,18,1,1,5,0.000,0,6682.190,709.481,6.000,16500.000,700.000,90.000,64.668,58,-1.000,-1.000
1699,18.362120,16.667744,18,1,1,5,0.000,0,6682.190,709.481,6.000,16500.000,700.000,90.000,64.668,58,-1.000,-1.000
1700,16.044852,16.667605,18,1,1,5,0.000,0,6682.190,709.481,6.000,16500.000,700.000,90.000,64.668,58,-1.000,-1.000
1701,16.763287,16.667485,18,1,1,5,0.000,0,6682.190,709.481,6.000,16500.000,700.000,90.000,64.668,58,-1.000,-1.000
1702,15.613122,16.667554,18,1,1,5,0.000,0,6682.190,709.481,6.000,16500.000,700.000,90.000,64.668,58,-1.000,-1.000
1703,16.412469,16.667515,18,1,1,5,0.000,0,6682.190,709.481,6.000,16500.000,700.000,90.000,64.668,58,-1.000,-1.000
1704,17.823110,16.668885,18,1,1,5,0.000,0,6682.190,709.481,6.000,16500.000,700.000,90.000,64.668,58,-1.000,-1.000
1705,16.515661,16.667834,18,1,1,5,0.000,0,6682.190,709.481,6.000,16500.000,700.000,90.000,64.668,58,-1.000,-1.000
1706,16.825688,16.668696,18,1,1,5,0.000,0,6682.190,709.481,6.000,16500.000,700.000,90.000,64.668,58,-1.000,-1.000
1707,17.836260,16.668245,18,1,1,5,0.000,0,6682.190,709.481,6.000,16500.000,700.000,90.000,64.668,58,-1.000,-1.000
1708,16.928320,16.668394,18,1,1,5,0.000,0,6682.190,709.481,6.000,16500.000,700.000,90.000,64.668,58,-1.000,-1.000
1709,16.096383,17.279818,18,1,1,5,0.000,0,6682.190,709.481,6.000,16500.000,700.000,90.000,64.668,58,-1.000,-1.000
1710,13.522707,16.667774,18,1,1,5,0.000,0,6682.190,709.481,6.000,16500.000,700.000,90.000,64.668,58,-1.000,-1.000
1711,16.027982,16.668805,18,1,1,5,0.000,0,6682.190,709.481,6.000,16500.000,700.000,90.000,64.668,58,-1.000,-1.000
1712,17.851219,16.741377,18,1,1,5,0.000,0,6682.190,709.481,6.000,16500.000,700.000,90.000,64.668,58,-1.000,-1.000
1713,15.206325,16.667734,18,1,1,5,0.000,0,6682.190,709.481,6.000,16500.000,700.000,90.000,64.668,58,-1.000,-1.000
1714,16.897358,16.668045,18,1,1,5,0.000,0,6682.190,709.481,6.000,16500.000,700.000,90.000,64.668,58,-1.000,-1.000
1715,18.589356,16.668025,18,1,1,5,0.000,0,6682.190,709.481,6.000,16500.000,700.000,90.000,64.668,58,-1.000,-1.000
1716,15.241934,16.667494,18,1,1,5,0.000,0,6682.190,709.481,6.000,16500.000,700.000,90.000,64.668,58,-1.000,-1.000
1717,15.968170,16.667565,18,1,1,5,0.000,0,6682.190,709.481,6.000,16500.000,700.000,90.000,64.668,58,-1.000,-1.000
1718,16.519752,16.668755,18,1,1,5,0.000,0,6682.190,709.481,6.000,16500.000,700.000,90.000,64.668,58,-1.000,-1.000
1719,16.562662,16.667554,18,1,1,5,0.000,0,6682.190,709.481,6.000,16500.000,700.000,90.000,64.668,58,-1.000,-1.000
1720,16.781978,16.668806,18,1,1,5,0.000,0,6682.190,709.481,6.000,16500.000,700.000,90.000,64.668,58,-1.000,-1.000
1721,16.799337,16.668445,18,1,1,5,0.000,0,6682.190,709.481,6.000,16500.000,700.000,90.000,64.668,58,-1.000,-1.000
1722,16.344128,16.667824,18,1,1,5,0.000,0,6682.190,709.481,6.000,16500.000,700.000,90.000,64.668,58,-1.000,-1.000
1723,18.478924,16.667935,18,1,1,5,0.000,0,6682.190,709.481,6.000,16500.000,700.000,90.000,64.668,58,-1.000,-1.000
1724,14.826104,16.668235,18,1,1,5,0.000,0,6682.190,709.481,6.000,16500.000,700.000,90.000,64.668,58,-1.000,-1.000
1725,16.831439,16.667574,18,1,1,5,0.000,0,6682.190,709.481,6.000,16500.000,700.000,90.000,64.668,58,-1.000,-1.000
1726,16.704556,16.667825,18,1,1,5,0.000,0,6682.190,709.481,6.000,16500.000,700.000,90.000,64.668,58,-1.000,-1.000
1727,16.388828,16.667285,18,1,1,5,0.000,0,6682.190,709.481,6.000,16500.000,700.000,90.000,64.668,58,-1.000,-1.000
1728,19.078126,16.668034,18,1,1,5,0.000,0,6682.190,709.481,6.000,16500.000,700.000,90.000,64.668,58,-1.000,-1.000
1729,14.191723,16.667955,18,1,1,5,0.000,0,6682.190,709.481,6.000,16500.000,700.000,90.000,64.668,58,-1.000,-1.000
1730,16.563712,16.668315,18,1,1,5,0.000,0,6682.190,709.481,6.000,16500.000,700.000,90.000,64.668,58,-1.000,-1.000
1731,17.796719,16.669344,18,1,1,5,0.000,0,6682.190,709.481,6.000,16500.000,700.000,90.000,64.668,58,-1.000,-1.000
1732,16.673145,16.668996,18,1,1,5,0.000,0,6682.190,709.481,6.000,16500.000,700.000,90.000,64.668,58,-1.000,-1.000
1733,16.409519,16.668845,18,1,1,5,0.000,0,6682.190,709.481,6.000,16500.000,700.000,90.000,64.668,58,-1.000,-1.000
1734,16.733746,16.667674,18,1,1,5,0.000,0,6682.190,709.481,6.000,16500.000,700.000,90.000,64.668,58,-1.000,-1.000
1735,16.647004,16.669105,18,1,1,5,0.000,0,6682.190,709.481,6.000,16500.000,700.000,90.000,64.668,58,-1.000,-1.000
1736,16.644785,16.667575,18,1,1,5,0.000,0,6682.190,709.481,6.000,16500.000,700.000,90.000,64.668,58,-1.000,-1.000
1737,16.663995,16.667594,18,1,1,5,0.000,0,6682.190,709.481,6.000,16500.000,700.000,90.000,64.668,58,-1.000,-1.000
1738,16.559961,16.667915,18,1,1,5,0.000,0,6682.190,709.481,6.000,16500.000,700.000,90.000,64.668,58,-1.000,-1.000
1739,16.637345,16.668805,18,1,1,5,0.000,0,6682.190,709.481,6.000,16500.000,700.000,90.000,64.668,58,-1.000,-1.000
1740,16.574662,16.668984,18,1,1,5,0.000,0,6682.190,709.481,6.000,16500.000,700.000,90.000,64.668,58,-1.000,-1.000
1741,17.827580,16.874349,18,1,1,5,0.000,0,6682.190,709.481,6.000,16500.000,700.000,90.000,64.668,58,-1.000,-1.000
1742,15.954619,16.667835,18,1,1,5,0.000,0,6682.190,709.481,6.000,16500.000,700.000,90.000,64.668,58,-1.000,-1.000
1743,18.277330,16.759847,18,1,1,5,0.000,0,6682.190,709.481,6.000,16500.000,700.000,90.000,64.668,58,-1.000,-1.000
1744,16.115523,16.668105,18,1,1,5,0.000,0,6682.190,709.481,6.000,16500.000,700.000,90.000,64.668,58,-1.000,-1.000
1745,15.398687,16.668525,18,1,1,5,0.000,0,6682.190,709.481,6.000,16500.000,700.000,90.000,64.668,58,-1.000,-1.000
1746,16.656265,16.668355,18,1,1,5,0.000,0,6682.190,709.481,6.000,16500.000,700.000,90.000,64.668,58,-1.000,-1.000
1747,16.663614,16.668394,18,1,1,5,0.000,0,6682.190,709.481,6.000,16500.000,700.000,90.000,64.668,58,-1.000,-1.000
1748,16.577623,16.667105,18,1,1,5,0.000,0,6682.190,709.481,6.000,16500.000,700.000,90.000,64.668,58,-1.000,-1.000
1749,16.724676,16.667365,18,1,1,5,0.000,0,6682.190,709.481,6.000,16500.000,700.000,90.000,64.668,58,-1.000,-1.000
1750,17.770868,16.667294,18,1,1,5,0.000,0,6682.190,709.481,6.000,16500.000,700.000,90.000,64.668,58,-1.000,-1.000
1751,17.597005,16.668315,18,1,1,5,0.000,0,6682.190,709.481,6.000,16500.000,700.000,90.000,64.668,58,-1.000,-1.000
1752,15.572142,16.669004,18,1,1,5,0.000,0,6682.190,709.481,6.000,16500.000,700.000,90.000,64.668,58,-1.000,-1.000
1753,16.296206,16.815138,18,1,1,5,0.000,0,6682.190,709.481,6.000,16500.000,700.000,90.000,64.668,58,-1.000,-1.000
1754,17.328879,16.667325,18,1,1,5,0.000,0,6682.190,709.481,6.000,16500.000,700.000,90.000,64.668,58,-1.000,-1.000
1755,15.251184,16.667425,18,1,1,5,0.000,0,6682.190,709.481,6.000,16500.000,700.000,90.000,64.668,58,-1.000,-1.000
1756,16.394910,16.666894,18,1,1,5,0.000,0,6682.190,709.481,6.000,16500.000,700.000,90.000,64.668,58,-1.000,-1.000
1757,16.219445,16.667545,18,1,1,5,0.000,0,6682.190,709.481,6.000,16500.000,700.000,90.000,64.668,58,-1.000,-1.000
1758,16.766807,16.667275,18,1,1,5,0.000,0,6682.190,709.481,6.000,16500.000,700.000,90.000,64.668,58,-1.000,-1.000
1759,16.613563,16.667285,18,1,1,5,0.000,0,6682.190,709.481,6.000,16500.000,700.000,90.000,64.668,58,-1.000,-1.000
1760,17.337099,16.667885,18,1,1,5,0.000,0,6682.190,709.481,6.000,16500.000,700.000,90.000,64.668,58,-1.000,-1.000
1761,17.195636,16.667565,18,1,1,5,0.000,0,6682.190,709.481,6.000,16500.000,700.000,90.000,64.668,58,-1.000,-1.000
1762,16.355608,16.668394,18,1,1,5,0.000,0,6682.190,709.481,6.000,16500.000,700.000,90.000,64.668,58,-1.000,-1.000
1763,17.137074,16.667025,18,1,1,5,0.000,0,6682.190,709.481,6.000,16500.000,700.000,90.000,64.668,58,-1.000,-1.000
1764,15.986311,16.668125,18,1,1,5,0.000,0,6682.190,709.481,6.000,16500.000,700.000,90.000,64.668,58,-1.000,-1.000
1765,16.696195,16.668244,18,1,1,5,0.000,0,6682.190,709.481,6.000,16500.000,700.000,90.000,64.668,58,-1.000,-1.000
1766,17.497503,16.667255,18,1,1,5,0.000,0,6682.190,709.481,6.000,16500.000,700.000,90.000,64.668,58,-1.000,-1.000
1767,16.674154,16.668195,18,1,1,5,0.000,0,6682.190,709.481,6.000,16500.000,700.000,90.000,64.668,58,-1.000,-1.000
1768,16.387990,16.667564,18,1,1,5,0.000,0,6682.190,709.481,6.000,16500.000,700.000,90.000,64.668,58,-1.000,-1.000
1769,16.998071,16.667855,18,1,1,5,0.000,0,6682.190,709.481,6.000,16500.000,700.000,90.000,64.668,58,-1.000,-1.000
1770,16.220516,16.668435,18,1,1,5,0.000,0,6682.190,709.481,6.000,16500.000,700.000,90.000,64.668,58,-1.000,-1.000
1771,16.933240,16.668184,18,1,1,5,0.000,0,6682.190,709.481,6.000,16500.000,700.000,90.000,64.668,58,-1.000,-1.000
1772,16.211985,16.667145,18,1,1,5,0.000,0,6682.190,709.481,6.000,16500.000,700.000,90.000,64.668,58,-1.000,-1.000
1773,16.240605,16.667346,18,1,1,5,0.000,0,6682.190,709.481,6.000,16500.000,700.000,90.000,64.668,58,-1.000,-1.000
1774,18.147536,16.667424,18,1,1,5,0.000,0,6682.190,709.481,6.000,16500.000,700.000,90.000,64.668,58,-1.000,-1.000
1775,15.309957,16.667855,18,1,1,5,0.000,0,6682.190,709.481,6.000,16500.000,700.000,90.000,64.668,58,-1.000,-1.000
1776,16.635093,16.667265,18,1,1,5,0.000,0,6682.190,709.481,6.000,16500.000,700.000,90.000,64.668,58,-1.000,-1.000
1777,16.702666,16.667374,18,1,1,5,0.000,0,6682.190,709.481,6.000,16500.000,700.000,90.000,64.668,58,-1.000,-1.000
1778,16.749827,16.667855,18,1,1,5,0.000,0,6682.190,709.481,6.000,16500.000,700.000,90.000,64.668,58,-1.000,-1.000
1779,16.638333,16.667214,18,1,1,5,0.000,0,6682.190,709.481,6.000,16500.000,700.000,90.000,64.668,58,-1.000,-1.000
1780,17.234998,16.667425,18,1,1,5,0.000,0,6682.190,709.481,6.000,16500.000,700.000,90.000,64.668,58,-1.000,-1.000
1781,16.183884,16.667865,18,1,1,5,0.000,0,6682.190,709.481,6.000,16500.000,700.000,90.000,64.668,58,-1.000,-1.000
1782,25.354059,16.720476,18,1,1,5,0.000,0,6682.190,709.481,6.000,16500.000,700.000,90.000,64.668,58,-1.000,-1.000
1783,10.059204,16.667134,18,1,1,5,0.000,0,6682.190,709.481,6.000,16500.000,700.000,90.000,64.668,58,-1.000,-1.000
1784,16.562893,16.757457,18,1,1,5,0.000,0,6682.190,709.481,6.000,16500.000,700.000,90.000,64.668,58,-1.000,-1.000
1785,16.980152,16.667965,18,1,1,5,0.000,0,6682.190,709.481,6.000,16500.000,700.000,90.000,64.668,58,-1.000,-1.000
1786,16.439509,16.723805,18,1,1,5,0.000,0,6682.190,709.481,6.000,16500.000,700.000,90.000,64.668,58,-1.000,-1.000
1787,16.690556,16.719277,18,1,1,5,0.000,0,6682.190,709.481,6.000,16500.000,700.000,90.000,64.668,58,-1.000,-1.000
1788,14.914427,16.668095,18,1,1,5,0.000,0,6682.190,709.481,6.000,16500.000,700.000,90.000,64.668,58,-1.000,-1.000
1789,16.395209,16.667654,18,1,1,5,0.000,0,6682.190,709.481,6.000,16500.000,700.000,90.000,64.668,58,-1.000,-1.000
1790,16.517692,16.667805,18,1,1,5,0.000,0,6682.190,709.481,6.000,16500.000,700.000,90.000,64.668,58,-1.000,-1.000
1791,16.597472,16.668415,18,1,1,5,0.000,0,6682.190,709.481,6.000,16500.000,700.000,90.000,64.668,58,-1.000,-1.000
1792,17.419192,16.685324,18,1,1,5,0.000,0,6682.190,709.481,6.000,16500.000,700.000,90.000,64.668,58,-1.000,-1.000
1793,16.585232,16.667215,18,1,1,5,0.000,0,6682.190,709.481,6.000,16500.000,700.000,90.000,64.668,58,-1.000,-1.000
1794,17.494853,16.668825,18,1,1,5,0.000,0,6682.190,709.481,6.000,16500.000,700.000,90.000,64.668,58,-1.000,-1.000
1795,15.988050,16.667054,18,1,1,5,0.000,0,6682.190,709.481,6.000,16500.000,700.000,90.000,64.668,58,-1.000,-1.000
1796,16.587833,16.668566,18,1,1,5,0.000,0,6682.190,709.481,6.000,16500.000,700.000,90.000,64.668,58,-1.000,-1.000
1797,16.686615,16.668755,18,1,1,5,0.000,0,6682.190,709.481,6.000,16500.000,700.000,90.000,64.668,58,-1.000,-1.000
1798,16.726556,16.667464,18,1,1,5,0.000,0,6682.190,709.481,6.000,16500.000,700.000,90.000,64.668,58,-1.000,-1.000
1799,16.619904,16.667485,18,1,1,5,0.000,0,6682.190,709.481,6.000,16500.000,700.000,90.000,64.668,58,-1.000,-1.000
1800,16.444190,16.668005,18,1,1,5,0.000,0,6682.190,709.481,6.000,16500.000,700.000,90.000,64.668,58,-1.000,-1.000
1801,16.668754,16.667164,18,1,1,5,0.000,0,6682.190,709.481,6.000,16500.000,700.000,90.000,64.668,58,-1.000,-1.000
1802,16.640555,16.668755,18,1,1,5,0.000,0,6682.190,709.481,6.000,16500.000,700.000,90.000,64.668,58,-1.000,-1.000
1803,16.670395,16.667295,18,1,1,5,0.000,0,6682.190,709.481,6.000,16500.000,700.000,90.000,64.668,58,-1.000,-1.000
1804,16.592472,16.668544,18,1,1,5,0.000,0,6682.190,709.481,6.000,16500.000,700.000,90.000,64.668,58,-1.000,-1.000
1805,16.938401,16.668535,18,1,1,5,0.000,0,6682.190,709.481,6.000,16500.000,700.000,90.000,64.668,58,-1.000,-1.000
1806,16.540462,16.668895,18,1,1,5,0.000,0,6682.190,709.481,6.000,16500.000,700.000,90.000,64.668,58,-1.000,-1.000
1807,17.029523,16.667444,18,1,1,5,0.000,0,6682.190,709.481,6.000,16500.000,700.000,90.000,64.668,58,-1.000,-1.000
1808,21.807374,16.667196,18,1,1,5,0.000,0,6682.190,709.481,6.000,16500.000,700.000,90.000,64.668,58,-1.000,-1.000
1809,12.181069,16.668125,18,1,1,5,0.000,0,6682.190,709.481,6.000,16500.000,700.000,90.000,64.668,58,-1.000,-1.000
1810,17.086754,16.667954,18,1,1,5,0.000,0,6682.190,709.481,6.000,16500.000,700.000,90.000,64.668,58,-1.000,-1.000
1811,15.278355,16.667665,18,1,1,5,0.000,0,6682.190,709.481,6.000,16500.000,700.000,90.000,64.668,58,-1.000,-1.000
1812,16.832928,16.668355,18,1,1,5,0.000,0,6682.190,709.481,6.000,16500.000,700.000,90.000,64.668,58,-1.000,-1.000
1813,16.664505,16.667654,18,1,1,5,0.000,0,6682.190,709.481,6.000,16500.000,700.000,90.000,64.668,58,-1.000,-1.000
1814,16.795647,16.668085,18,1,1,5,0.000,0,6682.190,709.481,6.000,16500.000,700.000,90.000,64.668,58,-1.000,-1.000
1815,16.339328,16.668765,18,1,1,5,0.000,0,6682.190,709.481,6.000,16500.000,700.000,90.000,64.668,58,-1.000,-1.000
1816,16.934581,16.667944,19,1,1,5,0.000,0,6682.190,709.481,6.000,16500.000,700.000,90.000,64.668,58,-1.000,-1.000
1817,19.646267,16.667355,19,1,1,5,0.000,0,6682.190,709.481,6.000,16500.000,700.000,90.000,64.668,58,-1.000,-1.000
1818,34.083415,16.667435,19,1,1,5,0.000,0,6682.190,709.481,6.000,16500.000,700.000,90.000,64.668,58,-1.000,-1.000
1819,4.617949,23.958080,19,1,1,5,0.000,0,6682.190,709.481,6.000,16500.000,700.000,90.000,64.668,58,-1.000,-1.000
1820,17.137605,16.669024,19,1,1,5,0.000,0,6682.190,709.481,6.000,16500.000,700.000,90.000,64.668,58,-1.000,-1.000
1821,19.410572,16.667875,19,1,1,5,0.000,0,6682.190,709.481,6.000,6140.000,390.000,90.000,64.668,58,-1.000,-1.000
1822,19.281031,16.667565,19,1,0,5,0.000,1,6682.190,709.481,6.000,6140.000,390.000,90.000,64.668,58,-1.000,-1.000
1823,15.044161,16.668024,19,1,0,5,0.000,1,6682.190,709.481,6.000,6140.000,390.000,90.000,64.668,58,-1.000,-1.000
1824,17.084143,16.668716,19,1,0,5,0.000,1,6682.190,709.481,6.000,6140.000,390.000,90.000,64.668,58,-1.000,-1.000
1825,18.841171,16.667475,19,1,0,5,0.000,1,6682.190,709.481,6.000,6140.000,390.000,90.000,64.668,58,-1.000,-1.000
1826,15.888119,16.667374,19,1,0,5,0.000,1,6682.190,709.481,6.000,6140.000,390.000,90.000,64.668,58,-1.000,-1.000
1827,16.868648,16.667215,19,1,0,5,0.000,1,6682.190,709.481,6.000,6140.000,390.000,90.000,64.668,58,-1.000,-1.000
1828,17.009342,16.765177,19,1,0,5,0.000,1,6682.190,709.481,6.000,6140.000,390.000,90.000,64.668,58,-1.000,-1.000
1829,17.090054,16.669154,19,1,0,5,0.000,1,6682.190,709.481,6.000,6140.000,390.000,90.000,64.668,58,-1.000,-1.000
1830,15.465599,16.667775,19,1,0,5,0.000,1,6682.190,709.481,6.000,6140.000,390.000,90.000,64.668,58,-1.000,-1.000
1831,16.254706,16.666995,19,1,0,5,0.000,1,6682.190,709.481,6.000,6140.000,390.000,90.000,64.668,58,-1.000,-1.000
1832,13.738812,16.667044,19,1,0,5,0.000,1,6682.190,709.481,6.000,6140.000,390.000,90.000,64.668,58,-1.000,-1.000
1833,15.352397,16.666975,19,1,0,5,0.000,1,6682.190,709.481,6.000,6140.000,390.000,90.000,64.668,58,-1.000,-1.000
1834,14.238534,16.667665,19,1,0,5,0.000,1,6682.190,709.481,6.000,6140.000,390.000,90.000,64.668,58,-1.000,-1.000
1835,17.480691,16.667194,19,1,0,5,0.000,1,6682.190,709.481,6.000,6140.000,390.000,90.000,64.668,58,-1.000,-1.000
1836,16.216035,16.667145,19,1,0,5,0.000,1,6682.190,709.481,6.000,6140.000,390.000,90.000,64.668,58,-1.000,-1.000
1837,16.686765,16.666945,19,1,0,5,0.000,1,6682.190,709.481,6.000,6140.000,390.000,90.000,64.668,58,-1.000,-1.000
1838,16.236956,16.667084,19,1,0,5,0.000,1,6682.190,709.481,6.000,6140.000,390.000,90.000,64.668,58,-1.000,-1.000
1839,16.546452,16.667226,19,1,0,5,0.000,1,6682.190,709.481,6.000,6140.000,390.000,90.000,64.668,58,-1.000,-1.000
1840,16.647864,16.667445,19,1,0,5,0.000,1,6682.190,709.481,6.000,6140.000,390.000,90.000,64.668,58,-1.000,-1.000
1841,16.656745,16.667464,19,1,0,5,0.000,1,6682.190,709.481,6.000,6140.000,390.000,90.000,64.668,58,-1.000,-1.000
1842,17.760988,16.667695,19,1,0,5,0.000,1,6682.190,709.481,6.000,6140.000,390.000,90.000,64.668,58,-1.000,-1.000
1843,18.631236,16.667095,19,1,0,5,0.000,1,6682.190,709.481,6.000,6140.000,390.000,90.000,64.668,58,-1.000,-1.000
1844,16.808848,16.667734,19,1,0,5,0.000,1,6682.190,709.481,6.000,6140.000,390.000,90.000,64.668,58,-1.000,-1.000
1845,18.041364,16.667885,19,1,0,5,0.000,1,6682.190,709.481,6.000,6140.000,390.000,90.000,64.668,58,-1.000,-1.000
1846,18.601636,16.667414,19,1,0,5,0.000,1,6682.190,709.481,6.000,6140.000,390.000,90.000,64.668,58,-1.000,-1.000
1847,17.313678,16.667205,19,1,0,5,0.000,1,6682.190,709.481,6.000,6140.000,390.000,90.000,64.668,58,-1.000,-1.000
1848,14.166142,16.668225,19,1,0,5,0.000,1,6682.190,709.481,6.000,6140.000,390.000,90.000,64.668,58,-1.000,-1.000
1849,16.708686,16.667614,19,1,0,5,0.000,1,6682.190,709.481,6.000,6140.000,390.000,90.000,64.668,58,-1.000,-1.000
1850,16.539591,16.667455,19,1,0,5,0.000,1,6682.190,709.481,6.000,6140.000,390.000,90.000,64.668,58,-1.000,-1.000
1851,17.467222,16.667865,19,1,0,5,0.000,1,6682.190,709.481,6.000,6140.000,390.000,90.000,64.668,58,-1.000,-1.000
1852,16.226425,16.668294,19,1,0,5,0.000,1,6682.190,709.481,6.000,6140.000,390.000,90.000,64.668,58,-1.000,-1.000
1853,16.984182,16.668296,19,1,0,5,0.000,1,6682.190,709.481,6.000,6140.000,390.000,90.000,64.668,58,-1.000,-1.000
1854,16.819398,16.668435,19,1,0,5,0.000,1,6682.190,709.481,6.000,6140.000,390.000,90.000,64.668,58,-1.000,-1.000
1855,18.363521,16.667674,19,1,0,5,0.000,1,6682.190,709.481,6.000,6140.000,390.000,90.000,64.668,58,-1.000,-1.000
1856,17.069903,16.667395,19,1,0,5,0.000,1,6682.190,709.481,6.000,6140.000,390.000,90.000,64.668,58,-1.000,-1.000
1857,18.109285,16.667155,19,1,0,5,0.000,1,6682.190,709.481,6.000,6140.000,390.000,90.000,64.668,58,-1.000,-1.000
1858,17.639796,16.667564,19,1,0,5,0.000,1,6682.190,709.481,6.000,6140.000,390.000,90.000,64.668,58,-1.000,-1.000
1859,18.057054,16.668225,19,1,0,5,0.000,1,6682.190,709.481,6.000,6140.000,390.000,90.000,64.668,58,-1.000,-1.000
1860,16.636015,16.668565,19,1,0,5,0.000,1,6682.190,709.481,6.000,6140.000,390.000,90.000,64.668,58,-1.000,-1.000
1861,17.235486,16.668044,19,1,0,5,0.000,1,6682.190,709.481,6.000,6140.000,390.000,90.000,64.668,58,-1.000,-1.000
1862,16.985342,16.668475,19,1,0,5,0.000,1,6682.190,709.481,6.000,6140.000,390.000,90.000,64.668,58,-1.000,-1.000
1863,17.713127,16.669005,19,1,0,5,0.000,1,6682.190,709.481,6.000,6140.000,390.000,90.000,64.668,58,-1.000,-1.000
1864,17.554353,16.771757,19,1,0,5,0.000,1,6682.190,709.481,6.000,6140.000,390.000,90.000,64.668,58,-1.000,-1.000
1865,15.924629,16.984421,19,1,0,5,0.000,1,6682.190,709.481,6.000,6140.000,390.000,90.000,64.668,58,-1.000,-1.000
1866,17.603635,16.668105,19,1,0,5,0.000,1,6682.190,709.481,6.000,6140.000,390.000,90.000,64.668,58,-1.000,-1.000
1867,17.049133,16.882710,19,1,0,5,0.000,1,6682.190,709.481,6.000,6140.000,390.000,90.000,64.668,58,-1.000,-1.000
1868,17.304288,17.021962,19,1,0,5,0.000,1,6682.190,709.481,6.000,6140.000,390.000,90.000,64.668,58,-1.000,-1.000
1869,17.528143,17.307388,19,1,0,5,0.000,1,6682.190,709.481,6.000,6140.000,390.000,90.000,64.668,58,-1.000,-1.000
1870,17.131625,17.533813,19,1,0,5,0.000,1,6682.190,709.481,6.000,6140.000,390.000,90.000,64.668,58,-1.000,-1.000
1871,16.341327,17.109694,19,1,0,5,0.000,1,6682.190,709.481,6.000,6140.000,390.000,90.000,64.668,58,-1.000,-1.000
1872,16.685746,16.725077,19,1,0,5,0.000,1,6682.190,709.481,6.000,6140.000,390.000,90.000,64.668,58,-1.000,-1.000
1873,17.290867,16.668754,19,1,0,5,0.000,1,6682.190,709.481,6.000,6140.000,390.000,90.000,64.668,58,-1.000,-1.000
1874,15.882979,16.937860,19,1,0,5,0.000,1,6682.190,709.481,6.000,6140.000,390.000,90.000,64.668,58,-1.000,-1.000
1875,16.584983,16.819808,19,1,0,5,0.000,1,6682.190,709.481,6.000,6140.000,390.000,90.000,64.668,58,-1.000,-1.000
1876,17.551613,16.668736,19,1,0,5,0.000,1,6682.190,709.481,6.000,6140.000,390.000,90.000,64.668,58,-1.000,-1.000
1877,17.521963,16.701644,19,1,0,5,0.000,1,6682.190,709.481,6.000,6140.000,390.000,90.000,64.668,58,-1.000,-1.000
1878,18.908402,17.537024,19,1,0,5,0.000,1,6682.190,709.481,6.000,6140.000,390.000,90.000,64.668,58,-1.000,-1.000
1879,18.147837,18.824611,19,1,0,5,0.000,1,6682.190,709.481,6.000,6140.000,390.000,90.000,64.668,58,-1.000,-1.000
1880,17.303238,18.185497,19,1,0,5,0.000,1,6682.190,709.481,6.000,6140.000,390.000,90.000,64.668,58,-1.000,-1.000
1881,18.526104,17.273347,19,1,0,5,0.000,1,6682.190,709.481,6.000,6140.000,390.000,90.000,64.668,58,-1.000,-1.000
1882,17.419881,18.489664,19,1,0,5,0.000,1,6682.190,709.481,6.000,6140.000,390.000,90.000,64.668,58,-1.000,-1.000
1883,17.127414,17.375080,19,1,0,5,0.000,1,6682.190,709.481,6.000,6140.000,390.000,90.000,64.668,58,-1.000,-1.000
1884,17.535093,17.189455,19,1,0,5,0.000,1,6682.190,709.481,6.000,6140.000,390.000,90.000,64.668,58,-1.000,-1.000
1885,16.515662,17.493073,19,1,0,5,0.000,1,6682.190,709.481,6.000,6140.000,390.000,90.000,64.668,58,-1.000,-1.000
1886,16.371448,16.668504,19,1,0,5,0.000,1,6682.190,709.481,6.000,6140.000,390.000,90.000,64.668,58,-1.000,-1.000
1887,17.123815,16.668265,19,1,0,5,0.000,1,6682.190,709.481,6.000,6140.000,390.000,90.000,64.668,58,-1.000,-1.000
1888,18.625116,16.667665,19,1,0,5,0.000,1,6682.190,709.481,6.000,6140.000,390.000,90.000,64.668,58,-1.000,-1.000
1889,17.984913,18.566605,19,1,0,5,0.000,1,6682.190,709.481,6.000,6140.000,390.000,90.000,64.668,58,-1.000,-1.000
1890,18.931853,18.013083,19,1,0,5,0.000,1,6682.190,709.481,6.000,6140.000,390.000,90.000,64.668,58,-1.000,-1.000
1891,17.782819,18.975644,19,1,0,5,0.000,1,6682.190,709.481,6.000,6140.000,390.000,90.000,64.668,58,-1.000,-1.000
1892,18.680107,17.735528,19,1,0,5,0.000,1,6682.190,709.481,6.000,6140.000,390.000,90.000,64.668,58,-1.000,-1.000
1893,18.078225,18.730129,19,1,0,5,0.000,1,6682.190,709.481,6.000,6140.000,390.000,90.000,64.668,58,-1.000,-1.000
1894,17.343109,18.017953,19,1,0,5,0.000,1,6682.190,709.481,6.000,6140.000,390.000,90.000,64.668,58,-1.000,-1.000
1895,16.943271,17.349849,19,1,0,5,0.000,1,6682.190,709.481,6.000,6140.000,390.000,90.000,64.668,58,-1.000,-1.000
1896,16.731546,16.956671,19,1,0,5,0.000,1,6682.190,709.481,6.000,6140.000,390.000,90.000,64.668,58,-1.000,-1.000
1897,16.799267,16.708376,19,1,0,5,0.000,1,6682.190,709.481,6.000,6140.000,390.000,90.000,64.668,58,-1.000,-1.000
1898,19.419964,16.872709,19,1,0,5,0.000,1,6682.190,709.481,6.000,6140.000,390.000,90.000,64.668,58,-1.000,-1.000
1899,16.994662,19.374382,19,1,0,5,0.000,1,6682.190,709.481,6.000,6140.000,390.000,90.000,64.668,58,-1.000,-1.000
1900,17.401059,16.965381,19,1,0,5,0.000,1,6682.190,709.481,6.000,6140.000,390.000,90.000,64.668,58,-1.000,-1.000
1901,16.655335,17.421751,19,1,0,5,0.000,1,6682.190,709.481,6.000,6140.000,390.000,90.000,64.668,58,-1.000,-1.000
1902,17.880711,16.667595,19,1,0,5,0.000,1,6682.190,709.481,6.000,6140.000,390.000,90.000,64.668,58,-1.000,-1.000
1903,17.675185,18.055384,19,1,0,5,0.000,1,6682.190,709.481,6.000,6140.000,390.000,90.000,64.668,58,-1.000,-1.000
1904,15.975370,17.462262,19,1,0,5,0.000,1,6682.190,709.481,6.000,6140.000,390.000,90.000,64.668,58,-1.000,-1.000
1905,16.746677,16.667854,19,1,0,5,0.000,1,6682.190,709.481,6.000,6140.000,390.000,90.000,64.668,58,-1.000,-1.000
1906,17.561504,16.667785,19,1,0,5,0.000,1,6682.190,709.481,6.000,6140.000,390.000,90.000,64.668,58,-1.000,-1.000
1907,16.176464,17.028433,19,1,0,5,0.000,1,6682.190,709.481,6.000,6140.000,390.000,90.000,64.668,58,-1.000,-1.000
1908,17.791989,16.668895,19,1,0,5,0.000,1,6682.190,709.481,6.000,6140.000,390.000,90.000,64.668,58,-1.000,-1.000
1909,15.926608,17.290117,19,1,0,5,0.000,1,6682.190,709.481,6.000,6140.000,390.000,90.000,64.668,58,-1.000,-1.000
1910,16.716156,16.667194,19,1,0,5,0.000,1,6682.190,709.481,6.000,6140.000,390.000,90.000,64.668,58,-1.000,-1.000
1911,16.585044,16.669016,19,1,0,5,0.000,1,6682.190,709.481,6.000,6140.000,390.000,90.000,64.668,58,-1.000,-1.000
1912,18.306469,16.668045,19,1,0,5,0.000,1,6682.190,709.481,6.000,6140.000,390.000,90.000,64.668,58,-1.000,-1.000
1913,17.180326,17.426970,19,1,0,5,0.000,1,6682.190,709.481,6.000,6140.000,390.000,90.000,64.668,58,-1.000,-1.000
1914,17.287967,17.180905,19,1,0,5,0.000,1,6682.190,709.481,6.000,6140.000,390.000,90.000,64.668,58,-1.000,-1.000
1915,18.632367,17.290539,19,1,0,5,0.000,1,6682.190,709.481,6.000,6140.000,390.000,90.000,64.668,58,-1.000,-1.000
1916,16.816318,18.613446,19,1,0,5,0.000,1,6682.190,709.481,6.000,6140.000,390.000,90.000,64.668,58,-1.000,-1.000
1917,17.313678,16.818008,19,1,0,5,0.000,1,6682.190,709.481,6.000,6140.000,390.000,90.000,64.668,58,-1.000,-1.000
1918,18.253249,17.341399,19,1,0,5,0.000,1,6682.190,709.481,6.000,6140.000,390.000,90.000,64.668,58,-1.000,-1.000
1919,16.968101,18.255819,19,1,0,5,0.000,1,6682.190,709.481,6.000,6140.000,390.000,90.000,64.668,58,-1.000,-1.000
1920,17.439172,16.980891,19,1,0,5,0.000,1,6682.190,709.481,6.000,6140.000,390.000,90.000,64.668,58,-1.000,-1.000
1921,16.496830,17.437421,19,1,0,5,0.000,1,6682.190,709.481,6.000,6140.000,390.000,90.000,64.668,58,-1.000,-1.000
1922,15.883658,16.668065,19,1,0,5,0.000,1,6682.190,709.481,6.000,6140.000,390.000,90.000,64.668,58,-1.000,-1.000
1923,15.998321,16.667594,19,1,0,5,0.000,1,6682.190,709.481,6.000,6140.000,390.000,90.000,64.668,58,-1.000,-1.000
1924,15.586092,16.703646,19,1,0,5,0.000,1,6682.190,709.481,6.000,6140.000,390.000,90.000,64.668,58,-1.000,-1.000
1925,17.094074,16.668775,19,1,0,5,0.000,1,6682.190,709.481,6.000,6140.000,390.000,90.000,64.668,58,-1.000,-1.000
1926,20.075867,16.695225,19,1,0,5,0.000,1,6682.190,709.481,6.000,6140.000,390.000,90.000,64.668,58,-1.000,-1.000
1927,15.678764,17.785678,19,1,0,5,0.000,1,6682.190,709.481,6.000,6140.000,390.000,90.000,64.668,58,-1.000,-1.000
1928,16.296826,16.668145,19,1,0,5,0.000,1,6682.190,709.481,6.000,6140.000,390.000,90.000,64.668,58,-1.000,-1.000
1929,15.869978,16.960432,19,1,0,5,0.000,1,6682.190,709.481,6.000,6140.000,390.000,90.000,64.668,58,-1.000,-1.000
1930,15.421868,16.668045,19,1,0,5,0.000,1,6682.190,709.481,6.000,6140.000,390.000,90.000,64.668,58,-1.000,-1.000
1931,17.007492,16.668694,19,1,0,5,0.000,1,6682.190,709.481,6.000,6140.000,390.000,90.000,64.668,58,-1.000,-1.000
1932,17.573614,16.668395,19,1,0,5,0.000,1,6682.190,709.481,6.000,6140.000,390.000,90.000,64.668,58,-1.000,-1.000
1933,17.120185,16.667875,19,1,0,5,0.000,1,6682.190,709.481,6.000,6140.000,390.000,90.000,64.668,58,-1.000,-1.000
1934,15.268834,16.852988,21,1,0,5,0.000,1,6682.190,709.481,6.000,6140.000,390.000,90.000,64.668,58,-1.000,-1.000
1935,209.879457,16.667635,21,1,0,5,0.000,1,6682.190,709.481,6.000,6140.000,390.000,90.000,64.668,58,-1.000,-1.000
1936,8.267716,206.222189,21,1,0,5,0.000,1,6682.190,709.481,6.000,6140.000,390.000,90.000,64.668,58,-1.000,-1.000
1937,11.252619,16.667715,21,1,0,5,0.000,1,6682.190,709.481,6.000,6140.000,390.000,90.000,64.668,58,-1.000,-1.000
1938,16.792368,16.667744,21,1,0,5,0.000,1,6682.190,709.481,6.000,6140.000,390.000,90.000,64.668,58,-1.000,-1.000
1939,16.476491,16.667245,21,1,0,5,0.000,1,6682.190,709.481,6.000,6140.000,390.000,90.000,64.668,58,-1.000,-1.000
1940,17.547893,16.667355,21,1,0,5,0.000,1,6682.190,709.481,6.000,6140.000,390.000,90.000,64.668,58,-1.000,-1.000
1941,16.829978,16.668224,21,1,0,5,0.000,1,6682.190,709.481,6.000,6140.000,390.000,90.000,64.668,58,-1.000,-1.000
1942,16.598944,16.667405,21,1,0,5,0.000,1,6682.190,709.481,6.000,6140.000,390.000,90.000,64.668,58,-1.000,-1.000
1943,17.113724,16.668255,21,1,0,5,0.000,1,6682.190,709.481,6.000,6140.000,390.000,90.000,64.668,58,-1.000,-1.000
1944,15.922479,16.668054,21,1,0,5,0.000,1,6682.190,709.481,6.000,6140.000,390.000,90.000,64.668,58,-1.000,-1.000
1945,17.328429,16.668515,21,1,0,5,0.000,1,6682.190,709.481,6.000,6140.000,390.000,90.000,64.668,58,-1.000,-1.000
1946,16.006800,16.666995,21,1,0,5,0.000,1,6682.190,709.481,6.000,6140.000,390.000,90.000,64.668,58,-1.000,-1.000
1947,16.248386,16.667664,21,1,0,5,0.000,1,6682.190,709.481,6.000,6140.000,390.000,90.000,64.668,58,-1.000,-1.000
1948,16.561683,16.668125,21,1,0,5,0.000,1,6682.190,709.481,6.000,6140.000,390.000,90.000,64.668,58,-1.000,-1.000
1949,17.436340,16.668025,21,1,0,5,0.000,1,6682.190,709.481,6.000,6140.000,390.000,90.000,64.668,58,-1.000,-1.000
1950,16.949351,16.668685,21,1,0,5,0.000,1,6682.190,709.481,6.000,6140.000,390.000,90.000,64.668,58,-1.000,-1.000
1951,16.439311,16.667025,21,1,0,5,0.000,1,6682.190,709.481,6.000,6140.000,390.000,90.000,64.668,58,-1.000,-1.000
1952,19.670908,18.076134,21,1,0,5,0.000,1,6682.190,709.481,6.000,6140.000,390.000,90.000,64.668,58,-1.000,-1.000
1953,16.960901,16.668405,24,1,0,5,0.000,1,6682.190,709.481,6.000,6140.000,390.000,90.000,64.668,58,-1.000,-1.000
1954,16.191734,16.667754,24,1,0,5,0.000,1,6682.190,709.481,6.000,6770.000,700.000,90.000,64.668,58,-1.000,-1.000
1955,15.900909,16.668815,24,1,0,5,0.000,1,6682.190,709.481,6.000,6770.000,700.000,90.000,64.668,58,-1.000,-1.000
1956,16.566023,16.667166,24,1,0,5,0.000,1,6682.190,709.481,6.000,6770.000,700.000,90.000,64.668,58,-1.000,-1.000
1957,16.804057,16.667564,24,1,0,5,0.000,1,6682.190,709.481,6.000,6770.000,700.000,90.000,64.668,58,-1.000,-1.000
1958,17.269298,16.668375,24,1,0,5,0.000,1,6682.190,709.481,6.000,6770.000,700.000,90.000,64.668,58,-1.000,-1.000
1959,16.508491,16.668895,24,1,0,5,0.000,1,6682.190,709.481,6.000,6770.000,700.000,90.000,64.668,58,-1.000,-1.000
1960,17.184576,16.668214,24,1,0,5,0.000,1,6682.190,709.481,6.000,6770.000,700.000,90.000,64.668,58,-1.000,-1.000
1961,17.264977,16.668335,24,1,0,5,0.000,1,6682.190,709.481,6.000,6770.000,700.000,90.000,64.668,58,-1.000,-1.000
1962,17.812490,16.667245,24,1,0,5,0.000,1,6682.190,709.481,6.000,6770.000,700.000,90.000,64.668,58,-1.000,-1.000
1963,17.549193,16.667224,24,1,0,5,0.000,1,6682.190,709.481,6.000,6770.000,700.000,90.000,64.668,58,-1.000,-1.000
1964,17.819559,16.667265,24,1,0,5,0.000,1,6682.190,709.481,6.000,6770.000,700.000,90.000,64.668,58,-1.000,-1.000
1965,16.104713,16.698916,24,1,0,5,0.000,1,6682.190,709.481,6.000,6770.000,700.000,90.000,64.668,58,-1.000,-1.000
1966,16.298196,16.668954,24,1,0,5,0.000,1,6682.190,709.481,6.000,6770.000,700.000,90.000,64.668,58,-1.000,-1.000
1967,15.625093,16.668515,24,1,0,5,0.000,1,6682.190,709.481,6.000,6770.000,700.000,90.000,64.668,58,-1.000,-1.000
1968,15.641203,16.668805,24,1,0,5,0.000,1,6682.190,709.481,6.000,6770.000,700.000,90.000,64.668,58,-1.000,-1.000
1969,16.846119,16.667584,24,1,0,5,0.000,1,6682.190,709.481,6.000,6770.000,700.000,90.000,61.667,58,-1.000,-1.000
1970,14.967069,16.668815,24,1,0,5,0.000,1,6682.190,709.481,6.000,6770.000,700.000,90.000,61.667,58,-1.000,-1.000
1971,16.883428,16.667685,24,1,0,5,0.000,1,6682.190,709.481,6.000,6770.000,700.000,90.000,61.667,58,-1.000,-1.000
1972,17.640566,16.667434,24,1,0,5,0.000,1,6682.190,709.481,6.000,6770.000,700.000,90.000,61.667,58,-1.000,-1.000
1973,17.741648,16.667646,24,1,0,5,0.000,1,6682.190,709.481,6.000,6770.000,700.000,90.000,61.667,58,-1.000,-1.000
1974,15.876958,16.668585,24,1,0,5,0.000,1,6682.190,709.481,6.000,6770.000,700.000,90.000,61.667,58,-1.000,-1.000
1975,15.712964,16.669084,24,1,0,5,0.000,1,6682.190,709.481,6.000,6770.000,700.000,90.000,61.667,58,-1.000,-1.000
1976,16.205885,16.668165,24,1,0,5,0.000,1,6682.190,709.481,6.000,6770.000,700.000,90.000,61.667,58,-1.000,-1.000
1977,16.820567,16.668945,24,1,0,5,0.000,1,6682.190,709.481,6.000,6770.000,700.000,90.000,61.667,58,-1.000,-1.000
1978,16.082123,16.668694,24,1,0,5,0.000,1,6682.190,709.481,6.000,6770.000,700.000,90.000,61.667,58,-1.000,-1.000
1979,17.141365,16.667995,24,1,0,5,0.000,1,6682.190,709.481,6.000,6770.000,700.000,90.000,61.667,58,-1.000,-1.000
1980,16.239996,16.668895,24,1,0,5,0.000,1,6682.190,709.481,6.000,6770.000,700.000,90.000,61.667,58,-1.000,-1.000
1981,16.830788,16.668084,24,1,0,5,0.000,1,6682.190,709.481,6.000,6770.000,700.000,90.000,61.667,58,-1.000,-1.000
1982,20.181359,16.668825,24,1,0,5,0.000,1,6682.190,709.481,6.000,6770.000,700.000,90.000,61.667,58,-1.000,-1.000
1983,14.313835,16.668475,25,1,0,5,0.000,1,6682.190,709.481,6.000,6770.000,700.000,90.000,61.667,58,-1.000,-1.000
1984,15.833647,16.667414,25,1,0,5,0.000,1,6682.190,709.481,6.000,6770.000,700.000,90.000,58.667,58,-1.000,-1.000
1985,15.752405,16.667306,25,1,0,5,0.000,1,6682.190,709.481,6.000,6770.000,700.000,90.000,58.667,58,-1.000,-1.000
1986,17.164706,16.667525,25,1,0,5,0.000,1,6682.190,709.481,6.000,6770.000,700.000,90.000,58.667,58,-1.000,-1.000
1987,17.059543,16.667054,25,1,0,5,0.000,1,6682.190,709.481,6.000,6770.000,700.000,90.000,58.667,58,-1.000,-1.000
1988,16.633734,16.669215,25,1,0,5,0.000,1,6682.190,709.481,6.000,6770.000,700.000,90.000,58.667,58,-1.000,-1.000
1989,16.715345,16.667185,25,1,0,5,0.000,1,6682.190,709.481,6.000,6770.000,700.000,90.000,58.667,58,-1.000,-1.000
1990,16.027971,16.668394,25,1,0,5,0.000,1,6682.190,709.481,6.000,6770.000,700.000,90.000,58.667,58,-1.000,-1.000
1991,17.118654,16.667225,25,1,0,5,0.000,1,6682.190,709.481,6.000,6770.000,700.000,90.000,58.667,58,-1.000,-1.000
1992,16.147215,16.668335,25,1,0,5,0.000,1,6682.190,709.481,6.000,6770.000,700.000,90.000,58.667,58,-1.000,-1.000
1993,16.746145,16.668544,25,1,0,5,0.000,1,6682.190,709.481,6.000,6770.000,700.000,90.000,58.667,58,-1.000,-1.000
1994,16.649425,16.668205,25,1,0,5,0.000,1,6682.190,709.481,6.000,6770.000,700.000,90.000,58.667,58,-1.000,-1.000
1995,16.701426,16.667545,25,1,0,5,0.000,1,6682.190,709.481,6.000,6770.000,700.000,90.000,58.667,58,-1.000,-1.000
1996,16.475950,16.667164,25,1,0,5,0.000,1,6682.190,709.481,6.000,6770.000,700.000,90.000,58.667,58,-1.000,-1.000
1997,17.483223,16.668105,25,1,0,5,0.000,1,6682.190,709.481,6.000,6770.000,700.000,90.000,58.667,58,-1.000,-1.000
1998,16.821387,16.667975,25,1,0,5,0.000,1,6682.190,709.481,6.000,6770.000,700.000,90.000,58.667,58,-1.000,-1.000
1999,18.083585,16.668265,25,1,0,5,0.000,1,6682.190,709.481,6.000,6770.000,700.000,90.000,55.666,58,-1.000,-1.000
2000,15.887458,16.667345,25,1,0,5,0.000,1,6682.190,709.481,6.000,6770.000,700.000,90.000,55.666,58,-1.000,-1.000
2001,16.243276,16.669235,25,1,0,5,0.000,1,6682.190,709.481,6.000,6770.000,700.000,90.000,55.666,58,-1.000,-1.000
2002,16.652884,16.668994,25,1,0,5,0.000,1,6682.190,709.481,6.000,6770.000,700.000,90.000,55.666,58,-1.000,-1.000
2003,17.353880,16.667685,25,1,0,5,0.000,1,6682.190,709.481,6.000,6770.000,700.000,90.000,55.666,58,-1.000,-1.000
2004,15.880987,16.669055,25,1,0,5,0.000,1,6682.190,709.481,6.000,6770.000,700.000,90.000,55.666,58,-1.000,-1.000
2005,16.956931,16.668224,25,1,0,5,0.000,1,6682.190,709.481,6.000,6770.000,700.000,90.000,55.666,58,-1.000,-1.000
2006,16.065842,16.669005,25,1,0,5,0.000,1,6682.190,709.481,6.000,6770.000,700.000,90.000,55.666,58,-1.000,-1.000
2007,17.017782,16.667315,25,1,0,5,0.000,1,6682.190,709.481,6.000,6770.000,700.000,90.000,55.666,58,-1.000,-1.000
2008,16.595734,16.667324,25,1,0,5,0.000,1,6682.190,709.481,6.000,6770.000,700.000,90.000,55.666,58,-1.000,-1.000
2009,16.768687,16.668025,25,1,0,5,0.000,1,6682.190,709.481,6.000,6770.000,700.000,90.000,55.666,58,-1.000,-1.000
2010,17.287828,16.667635,25,1,0,5,0.000,1,6682.190,709.481,6.000,6770.000,700.000,90.000,55.666,58,-1.000,-1.000
2011,16.714976,16.669125,25,1,0,5,0.000,1,6682.190,709.481,6.000,6770.000,700.000,90.000,55.666,58,-1.000,-1.000
2012,16.028461,16.669125,25,1,0,5,0.000,1,6682.190,709.481,6.000,6770.000,700.000,90.000,55.666,58,-1.000,-1.000
2013,15.475789,16.667235,25,1,0,5,0.000,1,6682.190,709.481,6.000,6770.000,700.000,90.000,55.666,58,-1.000,-1.000
2014,17.378020,16.667244,25,1,0,5,0.000,1,6682.190,709.481,6.000,6770.000,700.000,90.000,52.666,58,-1.000,-1.000
2015,16.360628,16.667635,25,1,0,5,0.000,1,6682.190,709.481,6.000,6770.000,700.000,90.000,52.666,58,-1.000,-1.000
2016,16.034151,16.667485,25,1,0,5,0.000,1,6682.190,709.481,6.000,6770.000,700.000,90.000,52.666,58,-1.000,-1.000
2017,16.741747,16.668444,25,1,0,5,0.000,1,6682.190,709.481,6.000,6770.000,700.000,90.000,52.666,58,-1.000,-1.000
2018,16.604363,16.667945,25,1,0,5,0.000,1,6682.190,709.481,6.000,6770.000,700.000,90.000,52.666,58,-1.000,-1.000
2019,16.788417,16.667625,25,1,0,5,0.000,1,6682.190,709.481,6.000,6770.000,700.000,90.000,52.666,58,-1.000,-1.000
2020,19.730800,16.668024,25,1,0,5,0.000,1,6682.190,709.481,6.000,6770.000,700.000,90.000,52.666,58,-1.000,-1.000
2021,13.872456,16.668625,25,1,0,5,0.000,1,6682.190,709.481,6.000,6770.000,700.000,90.000,52.666,58,-1.000,-1.000
2022,16.529261,16.667765,25,1,0,5,0.000,1,6682.190,709.481,6.000,6770.000,700.000,90.000,52.666,58,-1.000,-1.000
2023,16.614504,16.668395,25,1,0,5,0.000,1,6682.190,709.481,6.000,6770.000,700.000,90.000,52.666,58,-1.000,-1.000
2024,16.641164,16.668355,25,1,0,5,0.000,1,6682.190,709.481,6.000,6770.000,700.000,90.000,52.666,58,-1.000,-1.000
2025,16.998151,16.667865,25,1,0,5,0.000,1,6682.190,709.481,6.000,6770.000,700.000,90.000,52.666,58,-1.000,-1.000
2026,16.421000,16.667294,25,1,0,5,0.000,1,6682.190,709.481,6.000,6770.000,700.000,90.000,52.666,58,-1.000,-1.000
2027,15.854578,16.667785,25,1,0,5,0.000,1,6682.190,709.481,6.000,6770.000,700.000,90.000,52.666,58,-1.000,-1.000
